/*--------------------------------*- C++ -*----------------------------------*\
| =========                 |                                                 |
| \\      /  F ield         | OpenFOAM: The Open Source CFD Toolbox           |
|  \\    /   O peration     | Version:  2412                                  |
|   \\  /    A nd           | Website:  www.openfoam.com                      |
|    \\/     M anipulation  |                                                 |
\*---------------------------------------------------------------------------*/
FoamFile
{
    version     2.0;
    format      ascii;
    arch        "LSB;label=32;scalar=64";
    class       labelList;
    location    "constant/polyMesh";
    object      cellProcAddressing;
}
// * * * * * * * * * * * * * * * * * * * * * * * * * * * * * * * * * * * * * //


8172
(
0
1
2
3
4
5
6
7
8
9
10
11
12
13
14
15
16
17
18
19
20
21
22
23
24
25
26
27
28
29
30
31
32
33
34
35
36
37
38
39
40
41
42
43
44
45
46
47
48
49
50
51
52
53
54
55
56
57
58
59
60
61
62
63
64
65
66
67
68
69
70
71
72
73
74
75
76
77
78
79
80
81
82
83
84
85
86
87
88
89
90
91
92
93
94
95
96
97
98
99
100
101
102
103
104
105
106
107
108
109
110
111
112
113
114
115
116
117
118
119
120
121
122
123
124
125
126
127
128
129
130
131
132
133
134
135
136
140
141
142
143
144
145
146
147
148
149
150
151
152
153
154
155
156
158
159
160
161
162
163
164
165
166
167
168
169
170
171
172
173
174
175
177
179
180
181
182
183
184
185
190
191
192
196
197
198
199
200
201
202
203
204
205
206
207
208
209
210
211
212
213
214
215
216
217
220
221
222
223
224
225
226
227
228
229
230
231
232
233
234
235
236
237
238
243
244
247
248
249
255
256
257
258
259
263
265
266
268
269
270
271
272
273
274
275
276
277
278
279
280
281
282
283
284
285
286
287
288
289
291
295
297
298
299
300
301
302
303
304
305
306
307
308
309
310
311
312
313
314
315
316
323
324
325
328
330
331
332
333
341
342
343
344
345
346
357
358
361
362
363
364
365
366
367
368
369
370
371
372
373
374
375
376
377
378
379
380
381
382
386
387
388
389
396
397
398
399
400
401
402
403
404
405
406
407
408
409
410
411
412
413
421
422
423
429
430
439
440
441
442
443
444
445
446
460
461
466
467
468
469
470
471
472
473
474
475
477
478
479
480
481
482
483
484
485
486
487
488
489
490
491
492
494
498
500
501
510
511
512
513
514
515
516
517
518
519
520
521
522
523
524
525
526
527
528
536
537
547
548
549
561
562
563
564
565
566
567
568
583
585
588
589
590
591
593
595
599
600
601
602
603
604
605
606
607
608
609
610
613
614
615
616
617
620
621
622
624
625
626
635
636
637
638
639
640
641
642
643
644
645
646
647
648
649
651
652
653
672
673
691
692
693
694
695
696
697
698
699
700
701
702
703
718
722
724
728
729
730
731
732
734
735
741
742
743
744
745
746
747
748
749
750
751
752
753
756
757
758
759
764
767
768
770
778
779
780
781
782
783
784
785
786
787
788
789
790
791
792
793
816
817
843
844
845
846
847
848
849
850
851
853
854
855
856
876
880
881
882
883
884
891
892
893
894
895
896
897
898
900
902
903
904
905
906
907
908
909
912
913
914
919
921
924
926
934
935
936
937
939
940
941
942
943
944
945
946
947
948
949
950
951
952
983
984
985
1014
1015
1016
1017
1018
1019
1020
1021
1022
1023
1024
1025
1028
1029
1030
1031
1032
1062
1063
1064
1065
1072
1073
1075
1076
1077
1078
1079
1081
1084
1085
1086
1087
1088
1089
1090
1093
1094
1100
1108
1115
1116
1117
1122
1123
1124
1125
1126
1127
1128
1129
1130
1131
1132
1133
1134
1135
1136
1168
1169
1170
1171
1205
1206
1207
1208
1209
1210
1211
1212
1213
1214
1215
1216
1217
1218
1219
1224
1225
1226
1227
1256
1264
1266
1270
1271
1272
1273
1276
1277
1278
1279
1280
1281
1282
1283
1286
1287
1294
1311
1312
1313
1320
1321
1322
1323
1324
1325
1326
1327
1328
1329
1330
1331
1332
1333
1334
1335
1336
1337
1368
1369
1370
1371
1413
1414
1415
1416
1417
1418
1419
1420
1421
1422
1423
1424
1425
1426
1427
1434
1435
1436
1465
1472
1473
1475
1480
1481
1482
1483
1487
1488
1489
1490
1491
1492
1493
1494
1518
1519
1520
1529
1530
1531
1532
1534
1535
1536
1537
1538
1539
1540
1541
1542
1543
1544
1545
1546
1547
1548
1583
1584
1585
1586
1633
1634
1635
1636
1637
1638
1639
1640
1641
1642
1643
1644
1645
1646
1647
1648
1649
1658
1696
1698
1704
1705
1706
1707
1710
1711
1712
1713
1714
1715
1716
1717
1718
1739
1748
1749
1750
1752
1753
1754
1755
1756
1757
1758
1759
1760
1761
1762
1763
1765
1766
1767
1803
1804
1805
1806
1853
1854
1855
1856
1857
1858
1859
1860
1861
1862
1863
1864
1865
1866
1867
1868
1869
1870
1871
1921
1931
1935
1936
1937
1938
1939
1940
1942
1960
1973
1975
1978
1979
1980
1981
1982
1983
1984
1985
1986
1987
1988
1989
1990
1991
1992
1994
1995
1996
2034
2035
2036
2037
2095
2096
2097
2098
2099
2100
2101
2102
2103
2104
2105
2106
2107
2108
2109
2110
2111
2168
2172
2173
2174
2175
2176
2177
2178
2212
2215
2217
2218
2219
2220
2221
2223
2224
2225
2226
2227
2228
2229
2230
2231
2233
2235
2236
2237
2267
2268
2269
2270
2330
2332
2333
2334
2335
2336
2337
2338
2339
2340
2341
2343
2344
2345
2346
2347
2348
2411
2413
2416
2417
2418
2419
2420
2421
2456
2459
2462
2463
2464
2467
2468
2469
2470
2471
2472
2473
2474
2475
2476
2477
2478
2479
2482
2483
2511
2512
2513
2514
2515
2586
2589
2591
2592
2593
2594
2595
2596
2597
2598
2599
2600
2603
2604
2605
2606
2607
2608
2609
2680
2681
2682
2683
2684
2685
2722
2726
2729
2730
2731
2732
2735
2736
2737
2738
2739
2740
2741
2742
2743
2744
2745
2746
2747
2748
2749
2750
2751
2752
2756
2757
2784
2785
2786
2787
2788
2863
2871
2872
2873
2874
2875
2876
2877
2878
2880
2884
2885
2886
2887
2888
2889
2890
2956
2957
2958
2959
2962
3000
3004
3005
3007
3008
3009
3010
3011
3012
3013
3014
3015
3016
3017
3018
3019
3020
3021
3024
3025
3028
3029
3054
3055
3056
3057
3058
3134
3140
3144
3145
3146
3147
3148
3150
3151
3152
3153
3155
3160
3161
3162
3163
3164
3165
3166
3167
3232
3233
3275
3276
3282
3283
3285
3286
3287
3288
3289
3290
3292
3293
3294
3295
3296
3297
3298
3299
3300
3301
3302
3303
3307
3310
3311
3329
3330
3331
3332
3333
3419
3420
3426
3431
3432
3433
3435
3437
3438
3439
3441
3446
3447
3448
3449
3450
3451
3452
3453
3454
3517
3518
3561
3562
3563
3569
3570
3572
3573
3574
3576
3577
3578
3580
3582
3583
3584
3585
3586
3587
3588
3589
3590
3591
3592
3593
3594
3595
3597
3601
3603
3604
3623
3624
3625
3708
3709
3717
3723
3724
3725
3726
3729
3730
3731
3737
3738
3739
3740
3741
3742
3743
3744
3745
3746
3747
3805
3807
3849
3850
3855
3857
3858
3859
3862
3863
3864
3865
3869
3871
3872
3873
3874
3875
3876
3877
3878
3879
3880
3881
3882
3883
3884
3889
3890
3892
3893
3907
3977
3978
3994
3995
3996
3997
4001
4002
4003
4004
4006
4011
4012
4013
4014
4015
4016
4017
4018
4019
4020
4021
4022
4079
4081
4127
4133
4135
4136
4137
4140
4141
4143
4148
4149
4150
4151
4152
4153
4154
4155
4156
4157
4158
4159
4160
4161
4162
4168
4169
4171
4172
4242
4243
4259
4260
4261
4262
4266
4267
4268
4269
4271
4275
4276
4277
4278
4279
4281
4282
4283
4284
4285
4335
4381
4385
4387
4388
4389
4390
4392
4393
4397
4401
4402
4403
4404
4405
4406
4407
4408
4409
4410
4411
4412
4413
4415
4416
4417
4418
4419
4423
4424
4425
4484
4485
4500
4501
4506
4507
4508
4509
4510
4511
4515
4516
4517
4518
4519
4520
4522
4523
4524
4525
4526
4527
4577
4626
4630
4631
4632
4635
4636
4637
4638
4642
4645
4646
4647
4648
4649
4650
4651
4652
4653
4654
4655
4656
4657
4658
4659
4662
4663
4664
4665
4666
4667
4673
4674
4725
4726
4743
4744
4750
4751
4752
4753
4754
4755
4756
4761
4762
4763
4764
4766
4767
4768
4769
4770
4771
4825
4882
4883
4884
4885
4887
4888
4897
4898
4899
4900
4901
4902
4903
4904
4905
4906
4907
4908
4909
4910
4913
4914
4915
4916
4917
4918
4919
4920
4925
4926
4977
4998
4999
5003
5004
5005
5006
5007
5008
5009
5010
5011
5012
5013
5014
5016
5018
5019
5020
5021
5022
5023
5024
5129
5130
5131
5135
5137
5145
5146
5147
5148
5149
5150
5151
5152
5153
5154
5155
5156
5157
5158
5159
5160
5161
5162
5163
5166
5168
5169
5170
5171
5172
5176
5177
5223
5242
5243
5248
5249
5250
5251
5252
5253
5254
5255
5256
5257
5258
5261
5262
5263
5264
5265
5266
5267
5373
5375
5380
5390
5391
5392
5393
5394
5395
5396
5397
5398
5399
5400
5401
5402
5403
5404
5405
5406
5407
5408
5409
5413
5415
5416
5417
5419
5420
5421
5426
5470
5489
5493
5494
5495
5496
5497
5498
5499
5500
5501
5502
5504
5505
5506
5509
5510
5511
5512
5513
5514
5515
5621
5622
5623
5637
5638
5639
5640
5641
5642
5643
5644
5645
5646
5647
5648
5649
5650
5651
5652
5653
5654
5658
5660
5661
5664
5665
5666
5667
5670
5709
5731
5735
5736
5737
5739
5740
5741
5742
5743
5744
5745
5746
5748
5749
5750
5751
5753
5754
5755
5756
5757
5758
5759
5852
5853
5855
5856
5871
5872
5873
5874
5875
5876
5877
5878
5879
5880
5881
5882
5883
5884
5885
5886
5887
5888
5889
5890
5892
5895
5897
5899
5900
5901
5902
5936
5957
5958
5963
5964
5965
5966
5967
5968
5969
5970
5971
5972
5973
5974
5975
5976
5977
5978
5979
5980
5982
5983
5984
5985
5987
5988
5989
6086
6087
6090
6103
6104
6105
6106
6107
6108
6109
6110
6111
6112
6113
6115
6116
6117
6118
6119
6120
6121
6122
6123
6124
6125
6126
6128
6135
6136
6138
6139
6140
6168
6192
6193
6194
6196
6198
6199
6200
6201
6202
6203
6204
6205
6206
6207
6208
6209
6211
6212
6213
6215
6216
6217
6219
6220
6221
6222
6223
6320
6321
6324
6338
6339
6340
6341
6342
6343
6344
6345
6346
6347
6348
6351
6352
6353
6354
6355
6356
6357
6358
6359
6360
6361
6362
6363
6364
6366
6373
6378
6379
6380
6399
6420
6425
6426
6427
6428
6429
6430
6431
6432
6433
6434
6435
6436
6437
6438
6439
6440
6441
6442
6443
6444
6446
6447
6448
6449
6451
6452
6453
6454
6556
6575
6576
6577
6578
6579
6580
6581
6582
6583
6584
6588
6589
6590
6591
6592
6593
6594
6595
6596
6597
6598
6599
6600
6607
6614
6615
6616
6633
6655
6658
6659
6660
6661
6662
6663
6664
6665
6666
6667
6668
6669
6670
6671
6672
6673
6674
6675
6676
6678
6679
6681
6682
6683
6686
6687
6688
6689
6690
6796
6810
6811
6812
6813
6814
6815
6816
6817
6818
6819
6820
6821
6822
6823
6824
6829
6830
6831
6832
6833
6834
6835
6836
6837
6838
6839
6840
6841
6856
6857
6858
6873
6893
6895
6896
6897
6898
6899
6900
6901
6902
6903
6904
6905
6906
6907
6908
6909
6910
6911
6912
6914
6915
6917
6918
6921
6922
6923
6924
6925
6926
7032
7049
7050
7051
7052
7053
7054
7055
7056
7057
7058
7059
7060
7061
7062
7063
7064
7069
7070
7071
7072
7073
7074
7075
7076
7077
7078
7079
7080
7081
7082
7100
7101
7116
7134
7137
7138
7139
7140
7141
7142
7143
7144
7145
7146
7147
7148
7149
7150
7151
7152
7153
7154
7156
7157
7159
7160
7162
7163
7164
7165
7166
7262
7278
7280
7282
7283
7284
7285
7286
7287
7288
7291
7292
7293
7294
7295
7299
7300
7301
7302
7303
7304
7305
7306
7307
7308
7309
7310
7311
7334
7335
7350
7364
7367
7368
7369
7370
7371
7372
7373
7374
7375
7376
7377
7378
7379
7381
7383
7384
7385
7387
7388
7389
7390
7391
7501
7502
7503
7504
7506
7507
7508
7509
7511
7512
7513
7514
7515
7516
7517
7521
7522
7523
7524
7525
7526
7527
7528
7529
7530
7531
7532
7533
7534
7558
7559
7576
7592
7596
7597
7599
7600
7601
7602
7603
7604
7605
7606
7607
7608
7609
7612
7616
7617
7618
7619
7620
7621
7738
7739
7740
7743
7744
7745
7747
7749
7750
7751
7752
7753
7754
7755
7756
7757
7760
7761
7762
7763
7764
7765
7766
7767
7768
7769
7770
7771
7772
7797
7798
7813
7814
7835
7836
7837
7838
7839
7840
7841
7842
7843
7844
7845
7846
7847
7848
7855
7858
7859
7968
7971
7972
7973
7975
7976
7978
7979
7980
7981
7982
7983
7984
7985
7988
7989
7990
7991
7992
7993
7994
7995
7996
7997
7998
7999
8000
8001
8002
8003
8009
8030
8031
8043
8044
8062
8063
8064
8065
8066
8067
8068
8069
8070
8071
8072
8073
8074
8075
8076
8077
8085
8086
8087
8090
8091
8196
8199
8200
8203
8204
8206
8207
8208
8210
8211
8212
8213
8214
8215
8216
8218
8219
8220
8221
8222
8223
8224
8225
8226
8227
8228
8229
8230
8231
8232
8233
8234
8235
8244
8270
8284
8285
8300
8302
8304
8305
8306
8307
8308
8309
8310
8311
8312
8313
8315
8323
8324
8325
8326
8330
8331
8434
8437
8438
8442
8444
8445
8446
8449
8450
8451
8452
8453
8454
8455
8456
8458
8459
8460
8461
8462
8463
8464
8465
8466
8467
8468
8469
8470
8471
8472
8473
8474
8475
8476
8485
8512
8526
8527
8538
8540
8541
8542
8543
8544
8545
8546
8547
8548
8549
8550
8551
8552
8553
8561
8562
8564
8565
8566
8571
8572
8667
8668
8671
8672
8679
8684
8685
8686
8687
8688
8689
8690
8691
8692
8693
8694
8695
8696
8697
8698
8699
8700
8701
8702
8703
8704
8705
8706
8707
8708
8709
8711
8712
8713
8715
8716
8726
8758
8775
8776
8788
8789
8790
8791
8792
8793
8794
8795
8796
8797
8798
8799
8800
8810
8811
8814
8815
8816
8817
8824
8917
8918
8921
8923
8925
8927
8934
8935
8936
8937
8938
8939
8940
8941
8942
8943
8944
8945
8946
8947
8948
8949
8950
8951
8952
8953
8954
8955
8956
8957
8958
8959
8962
8963
8964
8965
8968
9009
9010
9028
9037
9038
9039
9040
9041
9042
9043
9044
9045
9046
9047
9048
9049
9061
9062
9063
9066
9067
9076
9161
9162
9168
9173
9174
9175
9176
9177
9178
9179
9180
9181
9182
9183
9184
9185
9186
9187
9188
9189
9190
9191
9192
9193
9194
9195
9196
9197
9201
9202
9203
9204
9207
9248
9265
9273
9274
9275
9276
9277
9278
9279
9280
9281
9282
9284
9299
9300
9301
9302
9308
9309
9310
9396
9398
9408
9409
9410
9411
9412
9413
9414
9415
9416
9417
9418
9419
9420
9421
9422
9423
9424
9425
9426
9427
9428
9429
9430
9431
9432
9433
9434
9435
9436
9437
9441
9442
9443
9444
9445
9489
9490
9505
9511
9512
9513
9514
9515
9516
9517
9518
9519
9520
9521
9523
9538
9539
9540
9541
9547
9637
9638
9648
9649
9650
9651
9652
9653
9654
9655
9656
9657
9658
9659
9660
9661
9662
9663
9664
9665
9666
9667
9668
9669
9670
9671
9672
9673
9674
9675
9676
9677
9678
9679
9680
9682
9685
9686
9687
9688
9689
9690
9699
9732
9733
9743
9746
9747
9748
9749
9750
9751
9752
9753
9754
9756
9776
9777
9778
9786
9878
9889
9890
9891
9892
9893
9894
9895
9896
9897
9898
9899
9900
9901
9902
9903
9904
9905
9906
9907
9908
9909
9910
9911
9912
9913
9914
9915
9916
9917
9921
9925
9926
9927
9928
9929
9930
9931
9932
9941
9976
9977
9984
9985
9986
9987
9988
9989
9990
9991
9992
9993
9995
10017
10019
10121
10124
10125
10126
10127
10128
10129
10130
10131
10132
10134
10135
10136
10137
10138
10139
10140
10141
10142
10143
10144
10145
10146
10147
10148
10149
10150
10151
10153
10154
10158
10162
10163
10164
10165
10166
10167
10168
10169
10170
10171
10181
10217
10223
10224
10225
10226
10227
10228
10229
10230
10231
10232
10233
10234
10236
10254
10255
10257
10350
10351
10352
10353
10354
10355
10356
10357
10358
10360
10361
10362
10363
10364
10365
10366
10367
10368
10369
10370
10371
10372
10373
10376
10377
10383
10387
10388
10389
10390
10391
10392
10393
10394
10395
10405
10445
10449
10450
10451
10452
10453
10454
10455
10456
10457
10458
10459
10460
10461
10464
10486
10487
10578
10579
10580
10581
10582
10583
10584
10585
10586
10589
10590
10591
10592
10593
10594
10595
10596
10597
10598
10599
10600
10603
10604
10605
10618
10619
10620
10621
10622
10623
10624
10625
10632
10679
10684
10685
10686
10687
10688
10689
10690
10691
10692
10694
10695
10696
10697
10698
10699
10702
10728
10729
10814
10815
10816
10817
10818
10819
10820
10823
10824
10825
10826
10827
10828
10829
10830
10831
10832
10833
10834
10835
10839
10840
10842
10849
10856
10857
10858
10859
10860
10861
10862
10863
10864
10865
10866
10873
10921
10922
10923
10924
10925
10926
10927
10930
10931
10932
10933
10934
10938
10939
10968
10969
11050
11051
11052
11053
11054
11056
11057
11058
11059
11060
11061
11062
11063
11064
11065
11066
11067
11072
11073
11090
11091
11092
11093
11094
11095
11096
11097
11098
11099
11100
11155
11156
11157
11158
11159
11160
11161
11162
11165
11166
11167
11168
11169
11171
11174
11176
11200
11204
11205
11282
11283
11284
11285
11286
11287
11289
11290
11291
11292
11293
11294
11295
11296
11297
11298
11299
11300
11305
11306
11315
11322
11323
11324
11325
11326
11327
11328
11329
11330
11386
11387
11388
11389
11390
11391
11392
11395
11396
11397
11398
11399
11400
11401
11402
11406
11438
11439
11512
11513
11514
11515
11516
11518
11519
11520
11521
11522
11523
11524
11525
11526
11527
11528
11534
11535
11547
11555
11556
11557
11558
11559
11560
11561
11562
11563
11564
11565
11622
11623
11624
11625
11626
11627
11629
11630
11631
11632
11633
11634
11635
11638
11639
11672
11673
11740
11741
11742
11743
11744
11746
11747
11748
11749
11750
11751
11752
11753
11754
11755
11756
11757
11758
11763
11764
11774
11781
11789
11790
11791
11792
11793
11794
11795
11796
11797
11798
11799
11857
11858
11859
11860
11861
11862
11864
11865
11866
11867
11868
11869
11870
11871
11872
11873
11876
11912
11913
11980
11981
11982
11983
11984
11985
11987
11988
11989
11990
11991
11992
11993
11994
11995
11996
11997
11998
11999
12004
12005
12035
12036
12037
12038
12039
12041
12042
12043
12044
12045
12105
12106
12107
12108
12109
12110
12112
12113
12114
12115
12116
12117
12118
12119
12120
12121
12123
12125
12163
12164
12165
12229
12230
12231
12232
12234
12235
12236
12237
12238
12239
12240
12241
12242
12243
12244
12245
12246
12251
12252
12259
12285
12287
12288
12289
12290
12291
12292
12293
12296
12297
12298
12299
12300
12355
12356
12357
12358
12359
12361
12363
12364
12365
12366
12367
12368
12369
12370
12371
12372
12373
12374
12375
12376
12381
12420
12421
12422
12484
12485
12486
12487
12488
12489
12490
12491
12492
12493
12494
12495
12496
12497
12498
12499
12500
12501
12506
12515
12518
12553
12554
12555
12557
12558
12559
12560
12561
12562
12563
12565
12566
12567
12568
12569
12622
12623
12624
12625
12627
12628
12629
12630
12631
12632
12633
12634
12635
12636
12637
12638
12639
12641
12642
12643
12644
12651
12683
12684
12685
12744
12745
12746
12747
12748
12749
12750
12751
12752
12753
12754
12755
12756
12757
12758
12759
12760
12761
12780
12814
12815
12816
12817
12818
12819
12820
12821
12822
12823
12824
12826
12827
12828
12829
12877
12878
12879
12880
12881
12883
12884
12885
12886
12887
12888
12889
12890
12891
12892
12893
12897
12898
12899
12906
12936
12938
12994
12995
12996
12997
12998
12999
13000
13001
13002
13003
13004
13005
13006
13007
13008
13009
13030
13063
13064
13066
13067
13068
13069
13070
13072
13073
13074
13075
13076
13077
13078
13080
13081
13082
13130
13131
13132
13134
13136
13137
13138
13139
13140
13141
13142
13143
13144
13145
13146
13147
13148
13149
13154
13155
13157
13158
13159
13191
13193
13243
13244
13245
13246
13247
13248
13249
13250
13251
13252
13253
13254
13255
13256
13257
13258
13276
13277
13308
13309
13312
13313
13314
13315
13318
13319
13320
13321
13322
13323
13324
13325
13326
13372
13373
13374
13376
13377
13379
13380
13381
13382
13383
13384
13385
13386
13387
13388
13389
13390
13395
13396
13397
13400
13433
13434
13481
13482
13483
13484
13485
13486
13487
13488
13489
13490
13491
13492
13493
13494
13535
13536
13541
13542
13543
13545
13549
13550
13551
13552
13553
13554
13555
13556
13557
13558
13604
13605
13606
13612
13613
13614
13615
13616
13617
13618
13619
13620
13621
13622
13623
13624
13630
13631
13632
13634
13665
13707
13708
13709
13710
13711
13712
13713
13714
13715
13716
13717
13718
13719
13720
13758
13765
13766
13767
13769
13773
13774
13775
13776
13777
13778
13779
13780
13781
13782
13783
13825
13826
13827
13829
13831
13834
13835
13836
13837
13838
13839
13840
13841
13842
13843
13844
13845
13846
13847
13849
13850
13856
13857
13859
13887
13888
13927
13928
13929
13930
13931
13932
13933
13934
13935
13936
13937
13938
13939
13940
13941
13954
13983
13988
13990
13991
13992
13993
13995
13996
14001
14002
14003
14004
14005
14006
14007
14008
14050
14051
14052
14061
14062
14063
14064
14065
14066
14067
14068
14069
14070
14071
14072
14073
14074
14075
14077
14081
14110
14111
14154
14155
14156
14157
14158
14159
14160
14161
14162
14163
14164
14165
14166
14167
14168
14169
14170
14210
14218
14219
14220
14222
14223
14227
14229
14230
14231
14232
14233
14234
14235
14236
14275
14276
14277
14285
14286
14287
14288
14289
14290
14291
14292
14293
14294
14295
14296
14297
14298
14299
14300
14302
14310
14336
14337
14378
14379
14380
14381
14382
14383
14384
14385
14386
14387
14388
14389
14390
14391
14392
14393
14394
14406
14430
14435
14440
14441
14442
14443
14446
14447
14449
14450
14451
14452
14495
14496
14505
14506
14507
14508
14509
14510
14511
14512
14513
14514
14515
14516
14517
14518
14519
14520
14521
14522
14526
14527
14558
14604
14605
14606
14607
14608
14609
14610
14611
14612
14613
14614
14615
14616
14617
14618
14619
14620
14664
14665
14666
14671
14672
14673
14676
14677
14678
14716
14717
14728
14729
14730
14731
14732
14733
14734
14735
14736
14737
14738
14739
14741
14742
14743
14744
14749
14777
14826
14827
14828
14829
14830
14831
14832
14833
14834
14835
14836
14837
14838
14839
14840
14841
14842
14883
14884
14885
14886
14892
14893
14894
14895
14898
14899
14941
14942
14952
14953
14954
14955
14956
14957
14958
14959
14960
14961
14962
14964
14965
14966
14967
14973
15000
15048
15049
15050
15051
15052
15053
15054
15055
15056
15057
15058
15059
15060
15061
15062
15063
15064
15106
15107
15108
15109
15111
15117
15119
15120
15121
15124
15125
15169
15178
15180
15181
15182
15183
15184
15185
15186
15187
15188
15189
15190
15191
15195
15197
15203
15226
15271
15272
15273
15274
15276
15277
15278
15279
15280
15281
15282
15283
15284
15285
15286
15287
15334
15335
15336
15337
15344
15346
15347
15348
15352
15353
15397
15406
15408
15409
15410
15411
15412
15413
15414
15415
15416
15417
15418
15419
15420
15421
15424
15427
15434
15499
15500
15501
15503
15504
15505
15506
15507
15508
15509
15510
15511
15512
15513
15555
15556
15557
15558
15559
15560
15568
15571
15572
15573
15574
15578
15622
15635
15636
15637
15638
15639
15640
15641
15642
15643
15644
15645
15646
15647
15648
15649
15650
15651
15652
15654
15656
15663
15664
15723
15725
15726
15727
15728
15729
15730
15731
15732
15733
15734
15735
15736
15737
15738
15739
15779
15780
15781
15782
15783
15784
15785
15786
15793
15794
15796
15797
15798
15803
15848
15863
15864
15865
15866
15867
15869
15870
15871
15872
15873
15874
15875
15876
15877
15878
15879
15880
15881
15882
15883
15885
15893
15908
15944
15946
15947
15948
15949
15950
15951
15952
15953
15954
15955
15956
15957
15958
15959
15992
15998
15999
16000
16001
16002
16003
16004
16012
16013
16016
16017
16018
16024
16074
16088
16089
16090
16091
16092
16093
16094
16095
16096
16097
16098
16099
16100
16101
16102
16103
16104
16105
16106
16108
16110
16118
16129
16168
16169
16170
16171
16172
16173
16174
16175
16176
16177
16178
16179
16180
16181
16182
16183
16184
16215
16222
16223
16224
16225
16227
16228
16237
16238
16241
16242
16243
16244
16304
16319
16320
16321
16322
16323
16325
16326
16327
16328
16329
16330
16331
16332
16333
16334
16335
16338
16341
16342
16345
16354
16384
16385
16386
16387
16388
16389
16390
16391
16392
16393
16394
16395
16396
16397
16398
16399
16426
16427
16428
16429
16430
16431
16433
16434
16440
16447
16448
16451
16453
16454
16455
16517
16518
16538
16539
16540
16541
16542
16545
16546
16547
16548
16549
16550
16551
16552
16553
16554
16555
16556
16558
16565
16573
16602
16603
16604
16605
16606
16607
16608
16609
16610
16611
16612
16613
16614
16641
16642
16643
16644
16645
16646
16648
16649
16650
16657
16663
16665
16666
16670
16672
16732
16733
16753
16759
16760
16761
16762
16764
16765
16766
16767
16768
16769
16770
16771
16772
16773
16774
16775
16776
16777
16779
16783
16790
16813
16814
16815
16816
16817
16818
16819
16820
16821
16822
16823
16824
16842
16848
16849
16850
16851
16852
16854
16855
16856
16864
16871
16872
16874
16875
16881
16944
16945
16964
16970
16971
16972
16973
16974
16976
16977
16978
16979
16980
16981
16982
16983
16984
16985
16986
16987
16988
16989
16990
16991
16994
16997
17004
17029
17030
17031
17032
17033
17034
17035
17036
17037
17038
17039
17040
17041
17059
17065
17066
17067
17068
17069
17072
17073
17074
17083
17085
17092
17093
17094
17097
17098
17105
17167
17184
17187
17194
17195
17196
17197
17198
17201
17202
17203
17204
17205
17206
17207
17208
17209
17210
17211
17212
17213
17214
17215
17216
17217
17218
17219
17222
17232
17259
17260
17261
17262
17263
17264
17265
17266
17267
17268
17269
17290
17291
17292
17295
17296
17297
17299
17311
17319
17320
17322
17325
17326
17332
17394
17409
17410
17413
17422
17423
17424
17425
17426
17429
17430
17431
17432
17433
17434
17435
17436
17437
17438
17439
17440
17441
17442
17443
17444
17445
17449
17459
17489
17490
17491
17492
17493
17494
17495
17496
17497
17498
17499
17518
17519
17520
17523
17524
17525
17526
17527
17529
17541
17554
17555
17556
17557
17562
17563
17633
17634
17650
17651
17655
17664
17665
17666
17667
17668
17673
17674
17675
17676
17677
17678
17679
17680
17681
17682
17683
17684
17685
17686
17687
17690
17697
17698
17724
17725
17726
17727
17728
17729
17730
17731
17732
17733
17734
17750
17751
17754
17755
17756
17757
17758
17759
17760
17782
17783
17784
17785
17786
17787
17788
17793
17801
17802
17863
17864
17887
17888
17891
17902
17903
17904
17905
17906
17907
17913
17914
17915
17916
17917
17918
17919
17920
17921
17922
17923
17924
17925
17926
17927
17928
17929
17931
17936
17937
17965
17966
17967
17968
17969
17970
17971
17972
17973
17974
17975
17976
17993
17994
17995
17996
17997
17998
18010
18022
18023
18024
18025
18026
18027
18028
18029
18041
18104
18105
18128
18131
18142
18143
18144
18145
18146
18147
18148
18150
18154
18155
18156
18157
18158
18159
18160
18161
18162
18163
18164
18165
18166
18167
18168
18169
18170
18173
18174
18175
18201
18202
18203
18204
18205
18206
18207
18208
18209
18210
18211
18226
18227
18228
18229
18230
18231
18233
18235
18246
18257
18258
18259
18260
18261
18262
18263
18275
18276
18338
18339
18367
18381
18382
18383
18384
18385
18386
18387
18388
18389
18396
18397
18398
18399
18400
18401
18402
18403
18404
18405
18406
18407
18408
18409
18411
18412
18413
18439
18440
18441
18442
18443
18444
18445
18446
18447
18448
18462
18463
18464
18465
18466
18467
18468
18470
18471
18491
18492
18494
18495
18496
18497
18498
18500
18516
18576
18577
18600
18618
18619
18620
18621
18622
18623
18624
18625
18626
18631
18634
18635
18636
18637
18638
18639
18640
18641
18642
18643
18644
18646
18647
18648
18649
18672
18673
18674
18675
18676
18677
18678
18679
18680
18681
18682
18694
18695
18696
18697
18698
18699
18700
18704
18712
18726
18727
18728
18729
18730
18731
18732
18733
18734
18735
18759
18820
18821
18845
18864
18865
18866
18867
18868
18869
18870
18871
18872
18873
18882
18883
18884
18885
18886
18887
18888
18889
18890
18891
18893
18894
18895
18918
18919
18920
18921
18922
18923
18924
18925
18935
18936
18937
18938
18939
18940
18943
18950
18962
18963
18964
18965
18966
18967
18968
18969
18970
18971
18972
18998
19066
19067
19112
19113
19114
19115
19116
19117
19118
19119
19120
19121
19122
19134
19135
19136
19137
19138
19139
19140
19141
19142
19143
19144
19145
19146
19147
19165
19166
19167
19168
19169
19170
19171
19180
19181
19182
19183
19184
19185
19186
19188
19194
19205
19206
19207
19208
19209
19210
19211
19212
19213
19214
19215
19216
19217
19247
19311
19312
19356
19357
19358
19359
19361
19362
19363
19364
19365
19366
19367
19368
19376
19378
19379
19380
19381
19382
19383
19384
19385
19386
19387
19388
19389
19405
19406
19407
19408
19409
19410
19411
19418
19419
19420
19421
19422
19423
19424
19432
19433
19445
19446
19447
19449
19450
19451
19452
19453
19454
19455
19456
19457
19458
19460
19491
19552
19553
19597
19598
19600
19601
19603
19604
19605
19606
19607
19608
19620
19621
19622
19623
19624
19625
19626
19627
19628
19629
19630
19631
19632
19647
19648
19649
19650
19651
19652
19658
19659
19660
19661
19662
19663
19664
19673
19684
19685
19686
19687
19688
19689
19690
19691
19692
19693
19694
19695
19696
19697
19699
19728
19729
19787
19788
19834
19835
19837
19839
19841
19842
19843
19844
19845
19856
19857
19858
19859
19860
19861
19862
19863
19864
19865
19866
19867
19868
19869
19870
19872
19884
19885
19886
19887
19888
19892
19893
19894
19895
19896
19897
19906
19907
19917
19918
19919
19920
19921
19922
19923
19924
19925
19926
19927
19928
19929
19930
19931
19932
19933
19934
19965
20020
20021
20022
20065
20070
20071
20072
20073
20074
20075
20084
20085
20086
20087
20088
20089
20090
20091
20092
20093
20094
20097
20098
20099
20100
20110
20111
20112
20113
20114
20117
20118
20119
20120
20131
20140
20141
20142
20143
20144
20145
20146
20147
20148
20149
20150
20151
20152
20153
20154
20155
20156
20157
20159
20161
20162
20197
20250
20251
20252
20294
20297
20298
20299
20300
20301
20302
20303
20310
20311
20312
20313
20314
20315
20316
20317
20318
20319
20320
20321
20324
20325
20326
20328
20330
20338
20339
20340
20341
20345
20346
20347
20359
20368
20369
20370
20371
20372
20373
20374
20375
20376
20377
20378
20379
20380
20381
20382
20383
20384
20386
20389
20426
20477
20478
20479
20480
20527
20528
20529
20530
20531
20532
20533
20534
20535
20536
20542
20543
20544
20545
20546
20547
20548
20549
20550
20554
20557
20559
20567
20568
20569
20570
20573
20574
20591
20592
20593
20594
20595
20596
20597
20598
20599
20600
20601
20602
20603
20604
20605
20606
20607
20608
20611
20612
20616
20617
20652
20701
20702
20703
20704
20705
20706
20757
20759
20760
20761
20762
20763
20765
20766
20767
20773
20774
20775
20776
20777
20778
20779
20780
20781
20782
20783
20786
20790
20795
20796
20800
20801
20814
20815
20816
20817
20818
20819
20820
20821
20822
20823
20824
20825
20826
20827
20828
20829
20830
20831
20832
20834
20838
20839
20843
20845
20882
20925
20926
20927
20928
20929
20930
20984
20985
20986
20987
20988
20989
20990
20992
20993
20994
21002
21003
21004
21005
21006
21007
21008
21009
21010
21011
21012
21014
21015
21021
21028
21029
21034
21047
21048
21049
21050
21051
21052
21053
21054
21055
21056
21057
21058
21059
21060
21061
21062
21063
21064
21065
21066
21067
21068
21077
21081
21083
21123
21163
21164
21165
21166
21167
21168
21169
21219
21221
21222
21223
21224
21225
21226
21227
21228
21230
21232
21240
21241
21242
21243
21244
21245
21246
21247
21248
21249
21250
21259
21265
21281
21282
21283
21284
21285
21286
21287
21288
21289
21290
21291
21292
21293
21294
21295
21296
21297
21298
21299
21300
21301
21302
21303
21304
21305
21306
21316
21320
21321
21324
21325
21364
21401
21402
21403
21404
21405
21406
21408
21450
21452
21453
21454
21455
21456
21457
21458
21459
21463
21471
21472
21473
21474
21475
21476
21477
21478
21479
21480
21481
21490
21513
21514
21515
21516
21517
21518
21519
21520
21521
21522
21523
21524
21525
21526
21527
21528
21529
21530
21531
21533
21534
21535
21536
21545
21546
21547
21552
21553
21558
21559
21596
21597
21630
21631
21632
21633
21634
21635
21636
21638
21680
21684
21685
21686
21687
21688
21689
21690
21691
21695
21699
21700
21708
21709
21710
21711
21712
21713
21714
21715
21716
21717
21727
21746
21747
21748
21749
21750
21751
21752
21753
21754
21755
21756
21757
21758
21759
21760
21761
21762
21763
21764
21765
21767
21768
21769
21780
21782
21788
21789
21794
21795
21831
21832
21833
21865
21866
21868
21869
21870
21871
21873
21915
21916
21920
21921
21922
21923
21924
21925
21929
21930
21933
21934
21935
21943
21944
21945
21946
21947
21948
21949
21959
21979
21980
21981
21982
21983
21984
21985
21986
21987
21988
21989
21990
21991
21992
21993
21994
21995
21996
21997
21998
21999
22000
22001
22004
22005
22016
22018
22026
22027
22034
22035
22071
22072
22103
22106
22107
22108
22109
22110
22111
22155
22156
22158
22159
22160
22168
22169
22170
22178
22179
22180
22181
22182
22183
22184
22185
22194
22212
22213
22214
22215
22216
22217
22218
22219
22220
22221
22222
22223
22224
22225
22226
22227
22228
22229
22230
22231
22232
22233
22234
22236
22237
22238
22250
22251
22261
22262
22272
22273
22309
22343
22345
22347
22348
22349
22350
22351
22392
22394
22395
22396
22400
22403
22404
22412
22413
22414
22415
22416
22417
22427
22428
22445
22446
22447
22448
22449
22450
22451
22452
22453
22454
22455
22456
22457
22458
22459
22460
22461
22462
22463
22464
22465
22466
22467
22468
22469
22471
22473
22474
22489
22490
22491
22502
22503
22516
22517
22553
22589
22590
22593
22595
22596
22597
22598
22599
22600
22601
22640
22641
22646
22655
22656
22657
22658
22667
22669
22688
22689
22690
22691
22692
22693
22694
22695
22696
22697
22698
22699
22700
22701
22702
22703
22704
22705
22706
22707
22708
22709
22710
22711
22712
22713
22714
22715
22733
22735
22736
22737
22748
22749
22764
22765
22797
22833
22837
22840
22841
22842
22843
22844
22845
22846
22847
22884
22886
22892
22901
22902
22903
22912
22914
22929
22930
22931
22932
22933
22934
22935
22936
22937
22938
22939
22940
22941
22942
22943
22944
22945
22946
22947
22948
22949
22951
22952
22953
22954
22955
22956
22957
22958
22959
22978
22979
22993
22994
22995
23015
23016
23044
23074
23078
23080
23081
23082
23083
23084
23085
23086
23087
23088
23089
23126
23133
23143
23144
23153
23155
23172
23173
23174
23175
23176
23177
23178
23179
23180
23181
23182
23183
23184
23185
23186
23188
23189
23190
23191
23193
23194
23195
23196
23197
23198
23199
23200
23201
23218
23219
23220
23229
23233
23234
23235
23236
23253
23278
23305
23309
23312
23313
23314
23315
23316
23317
23318
23319
23320
23321
23322
23323
23375
23376
23383
23384
23405
23406
23407
23408
23409
23410
23411
23412
23413
23414
23415
23416
23417
23418
23419
23422
23424
23425
23426
23427
23428
23429
23430
23431
23432
23433
23434
23446
23449
23450
23451
23461
23466
23467
23468
23469
23488
23510
23534
23536
23540
23541
23542
23543
23544
23545
23546
23547
23548
23549
23550
23551
23552
23553
23587
23595
23596
23604
23606
23630
23631
23632
23633
23634
23635
23636
23637
23638
23639
23640
23641
23642
23643
23644
23646
23648
23649
23650
23651
23652
23653
23654
23655
23656
23657
23658
23659
23676
23677
23687
23690
23697
23698
23719
23741
23758
23760
23764
23765
23766
23767
23768
23769
23770
23771
23772
23773
23774
23775
23776
23804
23810
23817
23818
23819
23829
23831
23832
23857
23858
23859
23860
23861
23862
23863
23864
23865
23866
23867
23869
23871
23873
23874
23875
23876
23877
23878
23879
23880
23881
23882
23883
23884
23886
23887
23906
23907
23916
23920
23921
23928
23929
23952
23985
23987
23988
23991
23992
23993
23994
23995
23996
23997
23998
23999
24000
24001
24002
24030
24033
24039
24040
24041
24042
24052
24055
24084
24085
24086
24087
24088
24089
24090
24091
24092
24093
24096
24098
24099
24100
24101
24102
24103
24104
24105
24106
24107
24108
24109
24110
24113
24125
24126
24135
24139
24140
24147
24148
24149
24167
24197
24198
24199
24201
24202
24204
24205
24206
24207
24208
24209
24210
24211
24212
24250
24251
24252
24253
24266
24269
24270
24296
24297
24298
24299
24300
24301
24302
24303
24304
24305
24306
24307
24311
24312
24313
24314
24315
24316
24317
24318
24319
24320
24321
24322
24323
24324
24326
24329
24330
24345
24353
24355
24358
24360
24371
24389
24413
24414
24415
24416
24419
24420
24422
24423
24424
24425
24426
24427
24428
24429
24430
24431
24473
24474
24475
24476
24477
24478
24492
24496
24520
24521
24522
24523
24524
24525
24526
24527
24528
24529
24530
24531
24533
24534
24535
24536
24537
24538
24539
24540
24541
24542
24543
24544
24545
24546
24548
24552
24576
24579
24580
24581
24585
24586
24613
24631
24632
24633
24636
24637
24640
24642
24643
24644
24645
24646
24647
24648
24650
24687
24688
24689
24690
24691
24692
24693
24694
24705
24706
24738
24739
24740
24741
24742
24743
24744
24745
24746
24747
24748
24749
24751
24752
24753
24754
24755
24756
24757
24758
24759
24760
24761
24762
24763
24764
24766
24771
24783
24796
24799
24800
24801
24807
24817
24834
24850
24853
24858
24859
24860
24861
24862
24863
24864
24865
24905
24906
24907
24908
24909
24910
24911
24912
24913
24925
24927
24958
24959
24960
24961
24962
24963
24964
24965
24966
24967
24968
24969
24970
24971
24972
24974
24975
24976
24977
24978
24979
24980
24981
24982
24983
24984
24985
24986
24987
24988
24990
24991
24997
25023
25024
25027
25028
25029
25073
25074
25077
25078
25081
25082
25083
25084
25085
25086
25087
25088
25123
25124
25125
25126
25127
25128
25129
25130
25143
25145
25179
25180
25181
25182
25183
25184
25185
25186
25187
25188
25189
25190
25191
25192
25193
25196
25197
25198
25199
25200
25201
25202
25203
25204
25205
25206
25207
25209
25210
25211
25212
25219
25220
25248
25253
25254
25298
25299
25303
25305
25306
25307
25308
25309
25310
25311
25312
25345
25346
25347
25348
25349
25362
25364
25365
25396
25397
25398
25399
25400
25401
25402
25403
25404
25405
25406
25407
25408
25409
25410
25411
25412
25415
25416
25417
25418
25419
25420
25421
25422
25423
25424
25425
25426
25427
25428
25429
25430
25431
25432
25439
25440
25464
25466
25469
25470
25471
25511
25512
25513
25516
25518
25519
25520
25521
25522
25523
25524
25555
25556
25557
25558
25573
25575
25576
25608
25609
25610
25611
25613
25614
25615
25616
25617
25618
25619
25620
25621
25622
25624
25626
25627
25628
25629
25630
25631
25632
25633
25634
25635
25636
25637
25638
25639
25640
25641
25642
25648
25649
25673
25675
25677
25678
25679
25716
25718
25723
25724
25725
25726
25727
25728
25729
25760
25761
25762
25763
25776
25777
25779
25780
25815
25816
25817
25819
25821
25822
25823
25824
25825
25826
25827
25828
25829
25830
25831
25832
25833
25834
25835
25836
25839
25840
25841
25842
25843
25844
25845
25846
25847
25848
25849
25850
25851
25852
25853
25854
25855
25856
25857
25866
25890
25893
25894
25935
25936
25937
25940
25941
25942
25943
25944
25945
25946
25985
25986
25987
25988
25989
26005
26006
26008
26009
26047
26048
26049
26053
26054
26055
26056
26057
26058
26059
26060
26061
26062
26063
26064
26065
26067
26069
26070
26071
26072
26073
26074
26075
26076
26077
26078
26079
26080
26081
26082
26083
26084
26085
26086
26087
26119
26123
26163
26166
26167
26168
26169
26170
26171
26172
26173
26212
26213
26214
26215
26229
26230
26231
26233
26234
26273
26274
26275
26280
26281
26282
26283
26284
26285
26286
26287
26288
26290
26292
26293
26294
26295
26298
26299
26300
26301
26302
26303
26304
26305
26306
26307
26308
26309
26310
26311
26312
26313
26314
26315
26316
26317
26345
26346
26348
26350
26390
26393
26394
26395
26396
26397
26398
26399
26400
26441
26442
26443
26460
26461
26462
26463
26465
26466
26504
26505
26506
26511
26512
26513
26514
26515
26516
26517
26518
26519
26520
26522
26523
26525
26526
26527
26528
26530
26531
26532
26533
26534
26535
26536
26537
26538
26539
26540
26541
26542
26543
26544
26545
26546
26547
26548
26549
26551
26558
26560
26578
26579
26580
26582
26583
26584
26622
26624
26625
26626
26627
26628
26629
26630
26631
26632
26633
26672
26673
26674
26675
26691
26692
26693
26695
26730
26731
26732
26738
26739
26740
26741
26742
26743
26744
26745
26746
26749
26752
26753
26754
26755
26756
26758
26759
26760
26762
26763
26764
26765
26766
26767
26768
26769
26770
26771
26772
26773
26774
26775
26776
26785
26810
26812
26814
26815
26816
26851
26852
26853
26854
26855
26856
26857
26858
26859
26860
26861
26906
26907
26908
26909
26927
26928
26930
26931
26963
26964
26965
26969
26970
26971
26972
26973
26974
26975
26976
26977
26979
26983
26984
26985
26986
26987
26988
26990
26992
26993
26994
26995
26996
26997
26998
26999
27000
27001
27002
27003
27012
27040
27041
27042
27043
27044
27045
27078
27079
27080
27081
27082
27083
27084
27085
27086
27087
27138
27139
27140
27141
27157
27160
27161
27190
27191
27192
27197
27198
27199
27200
27201
27202
27203
27204
27205
27206
27207
27208
27210
27213
27214
27215
27216
27217
27218
27222
27223
27224
27225
27226
27227
27228
27229
27230
27231
27232
27233
27234
27235
27236
27237
27238
27242
27276
27278
27279
27306
27309
27310
27311
27312
27313
27314
27371
27372
27373
27374
27393
27394
27395
27397
27426
27427
27428
27432
27433
27434
27435
27436
27439
27440
27441
27442
27443
27444
27445
27446
27452
27453
27454
27455
27456
27457
27458
27463
27464
27465
27466
27467
27468
27469
27470
27471
27472
27473
27474
27475
27476
27478
27512
27513
27540
27541
27542
27543
27544
27545
27546
27604
27621
27622
27625
27656
27657
27658
27659
27660
27661
27662
27663
27667
27668
27669
27670
27671
27672
27673
27676
27677
27683
27684
27685
27686
27687
27689
27693
27694
27695
27696
27697
27698
27699
27700
27701
27702
27703
27704
27705
27706
27707
27708
27709
27749
27750
27751
27779
27780
27781
27782
27783
27784
27785
27847
27862
27863
27864
27866
27894
27895
27896
27897
27898
27900
27901
27902
27903
27904
27907
27908
27909
27910
27911
27912
27913
27914
27915
27916
27917
27920
27924
27925
27926
27927
27928
27932
27933
27934
27935
27936
27937
27938
27939
27940
27941
27942
27943
27944
27945
27946
27947
27948
27949
27950
27952
27992
27993
27994
27995
28019
28020
28021
28022
28023
28024
28025
28026
28083
28099
28127
28128
28129
28130
28131
28132
28133
28134
28137
28138
28139
28145
28146
28147
28148
28149
28150
28151
28152
28153
28154
28155
28158
28160
28162
28163
28164
28165
28166
28167
28170
28171
28172
28173
28174
28175
28176
28177
28178
28179
28180
28181
28182
28183
28184
28185
28186
28187
28188
28226
28227
28229
28254
28255
28256
28257
28258
28259
28260
28327
28358
28359
28360
28361
28362
28363
28364
28365
28367
28368
28369
28375
28376
28377
28378
28380
28381
28382
28383
28384
28385
28389
28390
28391
28392
28393
28394
28395
28396
28397
28398
28399
28400
28401
28402
28403
28404
28405
28406
28407
28408
28409
28410
28411
28412
28413
28414
28450
28451
28452
28453
28480
28481
28482
28483
28484
28485
28547
28581
28582
28583
28584
28585
28586
28587
28588
28594
28599
28600
28601
28604
28605
28607
28608
28609
28612
28613
28614
28615
28616
28617
28618
28619
28620
28621
28622
28623
28624
28625
28626
28627
28628
28629
28630
28631
28632
28633
28634
28635
28636
28637
28638
28639
28640
28641
28675
28676
28677
28678
28702
28703
28704
28705
28706
28708
28777
28811
28812
28813
28814
28815
28816
28817
28818
28819
28820
28821
28830
28831
28833
28834
28836
28839
28840
28843
28844
28845
28846
28847
28848
28849
28850
28851
28852
28853
28854
28855
28856
28857
28858
28859
28860
28861
28862
28863
28864
28865
28866
28867
28868
28869
28870
28871
28872
28873
28874
28875
28901
28902
28903
28904
28921
28922
28923
28924
29000
29033
29034
29035
29036
29037
29038
29039
29040
29041
29045
29046
29048
29049
29051
29057
29058
29059
29060
29061
29062
29063
29064
29065
29066
29067
29068
29069
29070
29071
29072
29073
29074
29075
29076
29077
29078
29079
29080
29081
29082
29083
29084
29085
29086
29087
29115
29116
29118
29139
29140
29141
29142
29220
29258
29259
29260
29261
29262
29263
29266
29267
29268
29269
29272
29275
29277
29281
29282
29283
29284
29285
29286
29287
29288
29289
29290
29291
29292
29293
29294
29295
29296
29297
29298
29299
29300
29301
29302
29303
29304
29305
29306
29307
29308
29309
29310
29311
29312
29313
29314
29345
29346
29348
29367
29369
29370
29445
29486
29487
29488
29489
29490
29491
29492
29494
29495
29496
29499
29502
29507
29508
29509
29510
29511
29512
29513
29514
29515
29516
29517
29518
29519
29520
29521
29522
29523
29524
29525
29526
29527
29528
29529
29530
29531
29532
29533
29534
29535
29536
29537
29538
29539
29540
29541
29542
29543
29544
29545
29574
29576
29577
29603
29604
29605
29619
29716
29717
29718
29719
29720
29721
29722
29723
29725
29727
29728
29729
29730
29731
29732
29739
29740
29741
29742
29743
29744
29745
29746
29747
29748
29749
29750
29751
29752
29753
29754
29755
29756
29757
29758
29759
29760
29761
29762
29763
29764
29766
29767
29768
29769
29770
29771
29772
29773
29774
29775
29776
29777
29805
29807
29808
29811
29832
29833
29834
29835
29944
29945
29946
29947
29948
29949
29950
29951
29952
29955
29958
29959
29960
29961
29968
29969
29970
29971
29972
29973
29974
29975
29976
29977
29978
29979
29980
29981
29982
29983
29985
29986
29987
29988
29989
29990
29991
29992
29994
29995
29996
29997
29998
29999
30000
30001
30002
30003
30004
30033
30034
30056
30057
30058
30059
30165
30166
30167
30168
30169
30170
30171
30172
30173
30174
30175
30182
30183
30184
30185
30192
30193
30194
30195
30196
30197
30198
30199
30200
30201
30202
30203
30204
30205
30206
30208
30209
30211
30212
30213
30214
30215
30216
30217
30218
30219
30222
30224
30225
30226
30227
30228
30229
30230
30231
30261
30265
30287
30288
30289
30290
30395
30396
30397
30398
30399
30400
30401
30402
30403
30404
30405
30406
30407
30414
30415
30416
30417
30419
30423
30424
30425
30426
30429
30430
30431
30432
30433
30434
30437
30439
30440
30441
30442
30443
30444
30445
30446
30451
30452
30453
30454
30455
30456
30457
30483
30489
30490
30510
30511
30512
30513
30618
30619
30620
30621
30622
30623
30624
30625
30626
30627
30628
30629
30630
30631
30632
30638
30639
30640
30648
30649
30650
30653
30654
30655
30656
30657
30658
30659
30660
30662
30664
30665
30666
30667
30668
30669
30670
30671
30674
30675
30676
30677
30678
30679
30680
30703
30704
30709
30710
30730
30731
30733
30837
30838
30839
30841
30842
30843
30844
30845
30846
30847
30848
30849
30850
30851
30852
30853
30854
30860
30861
30862
30870
30873
30875
30876
30877
30878
30879
30880
30881
30883
30884
30885
30886
30887
30888
30889
30890
30895
30896
30897
30898
30899
30900
30924
30925
30932
30933
30952
30953
30954
31061
31062
31063
31065
31066
31068
31069
31070
31071
31072
31073
31074
31075
31076
31077
31078
31079
31080
31081
31082
31083
31084
31090
31091
31092
31100
31105
31107
31108
31109
31110
31111
31112
31115
31116
31117
31118
31119
31120
31121
31122
31128
31129
31130
31131
31132
31133
31134
31155
31163
31164
31187
31188
31189
31190
31191
31300
31301
31302
31303
31304
31306
31308
31310
31311
31312
31313
31314
31315
31316
31317
31318
31319
31320
31321
31322
31323
31324
31325
31326
31327
31328
31333
31334
31335
31343
31346
31348
31349
31350
31351
31352
31353
31354
31355
31356
31358
31359
31360
31361
31362
31363
31364
31372
31373
31374
31375
31376
31377
31378
31389
31400
31401
31402
31421
31422
31423
31537
31539
31540
31541
31543
31547
31548
31549
31550
31551
31552
31553
31554
31555
31556
31557
31558
31559
31560
31561
31562
31563
31564
31565
31566
31567
31568
31569
31573
31574
31575
31576
31585
31587
31590
31591
31592
31593
31594
31595
31596
31597
31599
31600
31601
31602
31603
31604
31605
31615
31616
31617
31622
31636
31638
31639
31658
31659
31660
31661
31776
31777
31778
31784
31785
31786
31787
31788
31789
31790
31791
31792
31793
31794
31795
31796
31797
31798
31799
31800
31801
31802
31803
31804
31805
31806
31807
31808
31809
31810
31813
31814
31815
31816
31817
31829
31830
31831
31832
31833
31834
31835
31836
31837
31838
31839
31840
31841
31842
31843
31844
31845
31846
31852
31853
31854
31855
31875
31877
31878
31891
31892
31893
31894
31895
32006
32007
32008
32009
32010
32011
32012
32014
32015
32016
32017
32018
32019
32020
32021
32022
32023
32024
32025
32026
32028
32029
32030
32031
32032
32033
32034
32035
32038
32039
32040
32050
32051
32052
32053
32054
32055
32056
32057
32058
32059
32060
32063
32065
32070
32071
32072
32073
32094
32096
32109
32110
32111
32112
32113
32209
32210
32211
32212
32213
32214
32215
32217
32218
32219
32220
32221
32222
32223
32224
32225
32226
32227
32228
32229
32231
32232
32233
32234
32236
32244
32245
32246
32247
32248
32249
32250
32251
32254
32255
32259
32260
32261
32262
32264
32295
32296
32297
32298
32384
32385
32386
32387
32388
32389
32390
32391
32393
32394
32395
32396
32397
32398
32399
32400
32401
32402
32403
32412
32413
32416
32418
32420
32421
32423
32424
32425
32426
32442
32443
32444
32445
32518
32523
32524
32526
32527
32528
32529
32530
32531
32532
32540
32541
32543
32544
32545
32547
32548
32549
32550
32551
32552
32553
32559
32560
32561
32562
32615
32616
32617
32618
32623
32624
32625
32627
32630
32631
32632
32633
32636
32637
32638
32672
32675
)


// ************************************************************************* //
