/*--------------------------------*- C++ -*----------------------------------*\
| =========                 |                                                 |
| \\      /  F ield         | OpenFOAM: The Open Source CFD Toolbox           |
|  \\    /   O peration     | Version:  2412                                  |
|   \\  /    A nd           | Website:  www.openfoam.com                      |
|    \\/     M anipulation  |                                                 |
\*---------------------------------------------------------------------------*/
FoamFile
{
    version     2.0;
    format      ascii;
    arch        "LSB;label=32;scalar=64";
    note        "nPoints:2262  nCells:8172  nFaces:17988  nInternalFaces:14700";
    class       labelList;
    location    "constant/polyMesh";
    object      neighbour;
}
// * * * * * * * * * * * * * * * * * * * * * * * * * * * * * * * * * * * * * //


14700
(
1
2
3
4
5
6
7
8
9
7
10
11
8
12
13
14
15
16
17
18
13
19
16
20
12
21
22
23
24
25
17
26
27
26
28
29
30
23
31
31
32
22
33
30
34
35
36
37
38
39
36
40
27
32
41
42
43
30
44
29
45
46
47
48
39
34
49
45
50
39
51
52
53
54
55
50
54
56
40
57
58
59
60
61
62
46
63
63
64
61
64
65
66
67
48
66
68
52
65
62
69
70
71
53
58
72
73
74
75
76
73
77
56
78
79
80
81
82
82
83
81
84
85
85
86
87
88
89
90
87
91
74
92
71
93
94
95
92
95
96
72
97
98
79
99
73
100
101
102
103
104
105
102
105
106
77
107
108
109
110
84
111
112
109
111
113
114
115
116
115
117
118
119
118
88
120
121
122
97
123
91
124
125
124
126
127
126
128
129
130
125
131
131
132
129
132
133
134
135
101
136
100
103
117
137
135
138
139
140
141
142
143
121
142
107
138
144
145
146
116
147
148
148
149
146
150
151
152
153
113
154
155
116
119
156
157
158
159
160
153
161
162
163
164
135
165
127
164
163
166
167
167
168
168
169
170
133
143
171
172
168
173
172
174
175
176
136
166
177
178
179
159
180
181
181
182
141
150
183
184
185
186
187
188
189
190
191
147
192
193
191
194
195
196
153
195
151
197
198
199
200
199
201
155
202
203
204
197
205
205
206
207
158
208
196
209
208
210
211
204
206
211
165
212
213
212
214
185
215
216
217
218
170
171
219
220
221
222
223
174
224
225
175
223
226
178
216
227
215
228
180
227
229
230
193
231
228
231
232
186
235
236
188
237
238
190
237
222
239
240
226
241
232
242
243
236
242
200
244
194
245
246
247
248
201
249
198
250
248
251
234
252
246
253
234
254
233
255
246
256
204
257
258
258
259
260
261
262
209
263
248
264
251
229
264
265
266
267
268
214
238
269
220
270
267
271
267
272
273
225
273
274
221
274
275
276
277
278
277
279
275
280
281
282
283
285
286
287
288
289
286
290
291
290
292
293
294
236
295
296
297
298
240
299
241
300
301
277
302
303
304
244
305
306
249
255
247
307
308
309
292
310
311
312
313
259
314
315
314
316
253
260
317
315
318
256
312
260
319
320
321
322
261
320
263
323
265
323
314
324
325
326
322
326
327
327
328
329
330
331
276
330
287
298
332
327
333
334
282
282
335
278
336
337
338
280
300
339
284
340
283
341
342
334
343
333
344
288
344
294
345
290
345
291
346
347
348
349
350
351
305
351
352
304
353
297
354
355
299
356
304
357
358
359
360
302
360
361
359
362
306
363
364
313
365
366
367
368
369
313
351
370
318
369
371
311
372
373
316
374
375
376
377
320
378
379
380
381
381
382
321
383
384
385
385
386
387
377
388
346
374
389
390
391
331
392
358
393
394
395
394
391
396
397
398
340
342
399
337
395
400
339
362
399
400
401
402
403
404
343
405
406
406
407
408
396
409
410
348
350
411
410
412
407
412
372
413
414
414
415
416
409
416
417
418
419
357
419
420
421
422
420
423
418
423
402
418
402
424
364
417
421
366
415
425
373
426
427
370
428
429
430
431
376
432
381
430
433
434
435
436
434
437
376
425
438
439
382
438
440
435
439
441
437
441
442
431
442
384
444
445
440
446
447
448
389
446
449
388
449
450
447
451
451
392
398
452
453
395
424
454
455
456
457
408
458
422
452
459
408
460
404
401
461
404
462
463
464
465
466
465
467
468
411
458
434
469
470
471
472
473
471
474
475
432
475
476
477
478
479
480
481
483
482
484
485
486
482
487
486
488
424
489
490
476
428
492
493
431
494
495
496
497
443
496
443
498
498
476
497
474
499
500
499
501
502
492
500
503
504
495
505
501
506
507
508
498
446
447
509
507
510
511
512
510
505
513
514
455
515
460
515
516
517
518
486
519
517
519
520
461
518
521
522
488
522
523
524
525
466
526
527
528
466
468
472
529
521
530
531
532
472
521
533
479
534
535
531
536
537
538
479
539
540
480
540
541
542
491
543
487
522
543
489
485
544
489
545
546
488
547
548
549
516
528
549
540
550
551
551
552
553
553
554
555
501
556
557
558
559
532
560
537
561
562
508
563
564
561
564
565
560
566
506
567
513
568
569
566
570
571
513
572
512
514
571
573
574
575
576
577
578
579
580
581
582
583
583
584
585
586
575
587
588
530
589
590
526
580
591
530
592
593
594
595
596
597
534
598
599
600
601
536
593
599
595
602
603
604
600
603
605
558
604
606
542
607
608
601
609
610
611
545
546
612
548
582
613
614
613
615
612
558
604
616
565
617
557
618
618
619
556
620
621
559
618
622
562
567
623
597
624
625
626
563
627
626
628
629
630
624
621
569
631
632
572
633
573
574
634
635
589
636
636
637
579
612
581
584
638
582
639
640
641
642
643
637
644
645
586
594
598
587
646
647
648
648
649
650
647
651
592
652
640
653
654
655
647
656
596
657
605
658
659
660
661
662
663
662
664
665
666
655
667
625
668
669
662
670
609
671
609
672
666
672
673
674
646
673
675
614
675
676
643
650
676
617
677
678
620
629
679
627
680
631
681
682
626
683
684
685
686
628
629
687
688
678
689
690
682
691
635
691
692
693
693
694
695
696
697
698
699
697
700
701
642
702
698
700
703
696
703
704
699
705
706
707
708
707
709
695
710
711
710
712
652
694
713
714
655
715
656
663
716
717
661
718
658
719
670
720
720
721
666
706
722
663
723
724
725
668
726
727
674
727
728
728
719
729
669
730
671
677
731
732
733
734
706
735
733
734
735
736
737
738
739
740
741
742
681
743
744
686
721
732
745
746
690
730
746
687
747
748
689
741
749
750
751
740
752
744
693
753
696
754
755
756
757
758
759
760
702
758
710
761
705
755
762
763
764
765
766
709
713
718
711
767
768
769
770
766
771
772
773
774
715
773
775
717
776
777
729
775
777
778
779
780
747
764
781
782
725
783
784
725
785
786
787
786
788
789
733
790
734
781
791
792
739
788
785
793
794
780
794
795
796
772
740
797
798
799
743
799
800
801
802
747
780
803
804
805
806
749
807
808
809
810
752
808
810
804
811
754
774
770
812
812
758
813
759
760
814
763
815
761
762
816
763
817
818
819
820
819
821
822
796
821
778
822
823
771
816
824
823
824
825
774
825
826
827
796
828
829
830
829
831
787
791
832
829
833
784
834
791
793
835
836
837
838
783
839
840
841
842
841
843
844
845
842
845
844
846
805
847
790
848
849
795
837
850
831
850
844
851
852
853
798
854
811
855
801
802
806
856
857
858
859
852
859
807
857
858
860
855
861
862
863
814
864
864
865
866
867
818
867
868
865
869
870
838
870
871
872
869
873
874
875
876
877
878
879
866
880
871
877
880
830
881
882
883
884
833
885
886
882
887
843
875
887
851
888
853
856
839
889
889
849
890
841
869
891
892
849
893
846
892
894
852
895
885
896
848
854
897
898
899
886
900
901
902
903
902
904
862
905
906
858
907
908
897
909
861
910
911
912
897
868
878
913
914
915
916
917
916
918
919
873
920
920
874
921
877
922
923
924
878
916
925
926
927
883
927
928
929
930
931
884
930
932
886
933
887
934
935
936
900
937
938
939
918
939
940
941
942
895
941
943
896
901
944
944
945
934
946
947
899
948
938
943
935
937
949
950
904
945
951
952
953
954
955
953
956
908
956
911
957
951
957
958
912
959
960
954
961
962
917
962
963
929
964
965
964
966
919
921
967
967
968
968
969
970
969
971
972
936
971
973
965
974
975
970
976
977
974
932
978
979
977
933
980
932
981
982
983
984
984
985
983
986
984
987
988
968
989
990
946
991
972
990
991
992
993
946
994
995
996
997
948
998
999
987
1000
1001
952
1000
1002
1003
1004
1005
1002
1005
1006
1006
1007
998
1003
1008
1009
1010
1007
1010
1009
1011
1012
1012
1013
1014
966
1015
1016
1017
1018
1019
1020
1021
1022
1023
1024
1019
1023
978
986
1025
1026
1027
976
1028
1029
1030
1031
1032
1033
981
1034
1027
1034
1035
981
986
1036
1037
985
1038
1039
1040
1041
1041
1042
1043
993
1044
1019
1044
1045
1046
995
999
1047
1046
1048
996
1001
1049
1050
1051
1004
1050
1040
1045
1049
1052
1052
1053
1054
1054
1055
1006
1056
1051
1057
1054
1058
1059
1060
1061
1062
1061
1063
1064
1017
1065
1016
1033
1017
1066
1029
1067
1067
1022
1068
1021
1069
1070
1071
1072
1032
1071
1073
1074
1025
1069
1075
1034
1076
1066
1077
1028
1078
1030
1079
1031
1080
1072
1081
1033
1082
1083
1078
1084
1038
1042
1085
1085
1086
1087
1088
1042
1088
1089
1074
1089
1088
1090
1091
1090
1092
1093
1094
1074
1095
1093
1096
1048
1097
1098
1096
1099
1100
1097
1101
1052
1102
1103
1098
1103
1104
1092
1099
1105
1059
1106
1107
1107
1108
1109
1101
1110
1111
1110
1062
1106
1064
1112
1113
1109
1112
1114
1115
1116
1114
1117
1070
1118
1119
1072
1120
1121
1122
1123
1124
1075
1118
1125
1125
1126
1127
1127
1128
1129
1078
1130
1131
1131
1132
1133
1117
1132
1134
1124
1133
1135
1134
1135
1084
1086
1129
1136
1087
1137
1138
1139
1140
1141
1142
1140
1128
1137
1143
1144
1145
1146
1119
1146
1096
1100
1147
1148
1100
1149
1150
1141
1151
1152
1102
1149
1108
1153
1154
1111
1155
1145
1155
1156
1157
1157
1158
1158
1159
1160
1161
1158
1162
1162
1163
1164
1164
1165
1166
1167
1167
1168
1169
1170
1166
1170
1171
1172
1173
1121
1126
1174
1171
1175
1176
1177
1174
1177
1178
1179
1171
1180
1180
1181
1182
1183
1184
1185
1131
1169
1186
1187
1188
1189
1188
1190
1191
1191
1192
1185
1187
1193
1194
1195
1184
1194
1195
1196
1144
1196
1144
1197
1143
1179
1197
1183
1198
1199
1200
1201
1178
1202
1203
1201
1203
1204
1205
1154
1205
1156
1206
1207
1202
1204
1207
1154
1205
1208
1209
1210
1211
1165
1212
1213
1208
1214
1215
1215
1216
1164
1165
1216
1217
1209
1218
1219
1220
1221
1222
1223
1223
1189
1224
1189
1222
1225
1178
1226
1227
1201
1227
1228
1229
1176
1230
1231
1192
1232
1233
1181
1234
1235
1236
1183
1237
1184
1194
1238
1239
1240
1235
1241
1224
1242
1190
1242
1191
1243
1244
1228
1245
1246
1247
1248
1249
1249
1250
1199
1198
1206
1250
1251
1250
1252
1252
1253
1254
1255
1227
1256
1219
1257
1257
1258
1259
1260
1261
1262
1210
1263
1260
1264
1253
1258
1265
1221
1266
1217
1266
1267
1267
1268
1269
1268
1270
1271
1218
1272
1273
1260
1274
1275
1276
1277
1278
1226
1230
1279
1280
1281
1280
1235
1282
1231
1232
1283
1284
1234
1254
1281
1259
1285
1286
1237
1279
1287
1285
1288
1239
1289
1290
1288
1291
1241
1292
1248
1293
1247
1294
1244
1245
1295
1296
1297
1298
1299
1295
1300
1301
1302
1303
1258
1291
1303
1304
1304
1305
1261
1306
1256
1307
1308
1309
1262
1307
1310
1261
1311
1312
1313
1269
1314
1273
1315
1265
1315
1316
1305
1317
1318
1272
1318
1319
1274
1320
1275
1321
1276
1319
1321
1274
1322
1323
1324
1325
1296
1326
1297
1327
1328
1329
1330
1328
1331
1299
1332
1333
1332
1334
1328
1335
1287
1333
1336
1337
1338
1339
1340
1292
1340
1341
1302
1342
1343
1342
1344
1345
1346
1301
1336
1346
1298
1300
1327
1347
1348
1349
1349
1350
1350
1351
1347
1352
1353
1353
1354
1355
1304
1355
1356
1357
1308
1331
1358
1314
1309
1359
1330
1311
1344
1360
1335
1361
1324
1362
1363
1361
1362
1364
1365
1366
1317
1363
1367
1360
1368
1325
1369
1325
1370
1371
1372
1373
1374
1323
1375
1376
1377
1373
1376
1378
1379
1350
1380
1334
1338
1381
1331
1382
1383
1384
1384
1385
1386
1387
1339
1388
1389
1390
1340
1390
1391
1392
1393
1344
1394
1395
1343
1345
1396
1355
1397
1398
1399
1400
1390
1401
1383
1402
1379
1403
1404
1405
1352
1406
1407
1385
1408
1406
1409
1409
1410
1356
1411
1411
1412
1364
1413
1414
1365
1413
1415
1416
1415
1417
1418
1419
1418
1420
1419
1421
1372
1367
1377
1420
1422
1412
1416
1423
1375
1378
1424
1425
1426
1427
1427
1428
1425
1429
1430
1431
1431
1432
1381
1382
1433
1434
1435
1414
1436
1437
1392
1438
1389
1438
1392
1434
1394
1417
1433
1406
1439
1440
1393
1441
1442
1443
1435
1444
1395
1445
1441
1446
1398
1446
1447
1399
1448
1449
1448
1450
1416
1445
1401
1451
1410
1452
1408
1437
1404
1453
1454
1455
1407
1455
1456
1457
1458
1459
1458
1460
1461
1462
1449
1449
1463
1464
1421
1465
1418
1466
1467
1468
1469
1470
1464
1471
1431
1472
1468
1473
1423
1474
1463
1475
1432
1476
1477
1477
1478
1464
1479
1430
1480
1481
1430
1482
1483
1484
1485
1482
1468
1486
1436
1487
1486
1488
1460
1460
1489
1440
1491
1492
1442
1452
1486
1493
1494
1495
1444
1490
1496
1495
1497
1498
1499
1498
1500
1451
1501
1502
1498
1503
1504
1502
1503
1505
1506
1507
1508
1455
1509
1510
1511
1511
1512
1459
1461
1492
1509
1513
1512
1514
1515
1516
1517
1507
1516
1518
1519
1520
1467
1469
1521
1475
1499
1522
1499
1522
1472
1521
1523
1519
1523
1524
1474
1485
1520
1524
1525
1526
1527
1526
1528
1478
1529
1530
1531
1480
1519
1532
1530
1533
1484
1532
1534
1530
1535
1535
1536
1485
1537
1538
1539
1488
1497
1540
1491
1496
1515
1541
1542
1543
1542
1544
1494
1500
1545
1546
1547
1543
1548
1543
1549
1541
1550
1551
1551
1501
1552
1553
1554
1555
1556
1504
1557
1558
1556
1559
1508
1553
1560
1544
1561
1547
1561
1562
1563
1564
1565
1514
1566
1567
1568
1566
1544
1569
1565
1569
1558
1570
1571
1526
1572
1525
1573
1532
1574
1574
1575
1572
1576
1577
1578
1579
1570
1580
1581
1582
1583
1584
1583
1585
1534
1586
1587
1585
1588
1589
1537
1590
1538
1591
1578
1545
1573
1592
1592
1593
1594
1567
1595
1596
1597
1598
1599
1548
1598
1600
1553
1600
1550
1596
1601
1594
1602
1552
1581
1599
1603
1604
1555
1603
1605
1606
1607
1606
1581
1607
1608
1608
1560
1609
1610
1611
1610
1612
1613
1613
1614
1568
1614
1615
1615
1567
1616
1617
1618
1619
1620
1608
1621
1622
1574
1623
1599
1624
1625
1622
1624
1626
1579
1580
1627
1628
1629
1630
1631
1632
1633
1584
1634
1635
1635
1589
1636
1637
1638
1636
1639
1640
1637
1641
1591
1639
1642
1643
1643
1644
1628
1644
1645
1646
1647
1646
1648
1617
1649
1650
1649
1651
1612
1650
1652
1646
1653
1654
1655
1656
1651
1657
1651
1658
1633
1654
1605
1611
1659
1660
1661
1661
1662
1633
1663
1664
1611
1661
1665
1666
1667
1655
1668
1669
1619
1670
1672
1672
1673
1673
1674
1675
1671
1674
1652
1670
1631
1676
1677
1678
1625
1626
1627
1645
1679
1638
1680
1677
1681
1682
1683
1684
1685
1685
1686
1687
1631
1687
1688
1689
1690
1691
1690
1636
1692
1693
1694
1695
1696
1696
1697
1698
1699
1641
1692
1700
1697
1701
1702
1695
1699
1703
1678
1704
1705
1678
1658
1706
1707
1708
1707
1709
1708
1710
1711
1656
1712
1713
1714
1715
1707
1716
1659
1717
1672
1708
1718
1719
1720
1714
1719
1721
1722
1663
1722
1664
1723
1724
1725
1726
1668
1727
1728
1720
1725
1728
1710
1729
1671
1730
1675
1731
1709
1733
1731
1734
1711
1735
1724
1736
1737
1738
1739
1681
1741
1742
1737
1740
1682
1743
1689
1744
1686
1697
1744
1703
1745
1702
1745
1702
1746
1747
1748
1691
1736
1749
1742
1750
1715
1751
1751
1752
1694
1753
1699
1754
1740
1755
1755
1756
1757
1758
1757
1758
1756
1760
1761
1762
1763
1741
1764
1765
1706
1712
1764
1718
1766
1767
1768
1711
1769
1770
1771
1772
1773
1774
1714
1719
1775
1776
1742
1776
1717
1729
1767
1774
1777
1778
1779
1777
1779
1780
1781
1782
1726
1780
1751
1783
1784
1783
1785
1786
1787
1771
1788
1789
1790
1789
1791
1792
1732
1793
1733
1794
1793
1795
1795
1796
1783
1797
1798
1743
1798
1765
1799
1800
1801
1800
1802
1803
1804
1805
1806
1804
1807
1808
1749
1808
1809
1806
1809
1810
1811
1752
1812
1813
1814
1810
1815
1754
1816
1817
1760
1818
1819
1820
1817
1821
1820
1822
1760
1820
1823
1762
1819
1824
1805
1825
1805
1821
1826
1766
1773
1827
1828
1829
1778
1829
1772
1828
1830
1772
1791
1831
1832
1796
1775
1833
1834
1835
1799
1836
1781
1801
1789
1837
1835
1782
1838
1784
1787
1814
1839
1785
1840
1841
1814
1842
1787
1843
1790
1844
1845
1790
1846
1847
1848
1828
1849
1793
1850
1851
1830
1852
1853
1854
1811
1855
1856
1801
1857
1827
1858
1813
1803
1859
1860
1861
1862
1812
1862
1863
1863
1825
1864
1865
1865
1866
1867
1868
1866
1869
1868
1870
1866
1871
1872
1873
1874
1873
1874
1875
1876
1876
1877
1823
1861
1821
1878
1879
1880
1876
1881
1825
1882
1883
1884
1880
1885
1887
1835
1888
1889
1890
1832
1854
1891
1892
1836
1893
1894
1894
1895
1896
1897
1898
1899
1895
1900
1901
1840
1899
1901
1873
1874
1902
1902
1903
1842
1904
1845
1905
1903
1906
1907
1906
1908
1907
1892
1909
1849
1900
1910
1908
1910
1911
1912
1913
1914
1852
1914
1853
1915
1890
1916
1917
1870
1904
1918
1859
1858
1872
1898
1860
1919
1861
1920
1921
1922
1921
1923
1884
1924
1883
1923
1925
1867
1926
1927
1884
1928
1929
1870
1875
1930
1931
1872
1921
1932
1933
1934
1935
1936
1937
1938
1880
1939
1882
1940
1941
1941
1940
1883
1922
1942
1943
1944
1945
1946
1924
1947
1893
1888
1889
1949
1950
1951
1952
1912
1953
1954
1954
1948
1955
1955
1956
1956
1957
1897
1958
1959
1950
1919
1960
1960
1961
1962
1963
1961
1964
1934
1965
1965
1966
1967
1968
1907
1935
1968
1969
1970
1970
1969
1971
1911
1972
1963
1973
1971
1973
1974
1975
1949
1976
1977
1978
1978
1979
1917
1979
1980
1953
1967
1981
1948
1982
1982
1983
1984
1923
1985
1986
1946
1986
1987
1988
1927
1988
1989
1930
1932
1929
1990
1991
1992
1937
1993
1992
1993
1994
1995
1996
1934
1960
1996
1997
1936
1965
1968
1998
1997
1999
2001
2001
2002
1947
2002
2003
2004
1985
2005
1945
2006
2007
1946
1947
2008
1987
2005
1991
2009
2010
1951
2011
2012
1952
2013
2014
2015
1974
2016
1958
2017
1961
2018
1959
1962
2019
2012
2020
2021
1977
2022
1964
2023
1966
2024
2025
1969
2026
2027
2027
2028
2029
2030
1973
1974
2031
2032
2033
1976
2014
2034
2013
2035
2011
2036
2037
2038
2013
2014
2039
1994
2040
2010
2041
1984
2042
1986
1995
2043
2043
2044
2045
1995
2046
1990
1993
2046
1992
2047
2008
2048
2049
2048
2050
2051
1997
2020
2052
1999
2025
2053
2049
2052
2001
2054
2004
2004
2055
2056
2057
2045
2058
2059
2060
2061
2056
2058
2061
2060
2062
2055
2063
2012
2064
2065
2016
2066
2067
2068
2019
2068
2069
2070
2071
2072
2073
2024
2069
2074
2023
2071
2075
2076
2077
2077
2078
2052
2079
2078
2079
2080
2053
2081
2080
2082
2083
2081
2082
2083
2084
2032
2033
2085
2076
2086
2034
2087
2088
2089
2036
2089
2090
2075
2091
2092
2039
2092
2093
2094
2050
2053
2095
2042
2073
2096
2051
2045
2059
2097
2098
2098
2099
2100
2101
2102
2102
2050
2103
2104
2073
2105
2106
2107
2057
2108
2109
2110
2111
2112
2100
2113
2114
2115
2063
2113
2116
2090
2066
2094
2117
2118
2087
2119
2120
2121
2122
2122
2123
2074
2124
2125
2125
2126
2127
2128
2129
2129
2130
2122
2131
2126
2132
2106
2133
2133
2134
2107
2135
2136
2136
2137
2086
2137
2138
2087
2139
2140
2141
2142
2117
2142
2143
2129
2144
2145
2128
2146
2147
2148
2149
2120
2150
2151
2101
2152
2105
2152
2153
2111
2154
2111
2155
2156
2157
2106
2153
2158
2156
2158
2159
2125
2160
2124
2135
2149
2161
2110
2162
2161
2163
2164
2114
2150
2164
2116
2154
2165
2162
2166
2118
2167
2119
2142
2121
2168
2127
2169
2170
2171
2172
2126
2153
2127
2173
2174
2171
2175
2176
2141
2176
2177
2177
2178
2179
2134
2179
2180
2135
2181
2182
2183
2184
2185
2182
2186
2140
2187
2140
2188
2189
2190
2191
2192
2144
2193
2194
2195
2196
2195
2147
2197
2198
2167
2199
2159
2200
2201
2184
2203
2203
2204
2205
2206
2207
2208
2209
2156
2206
2210
2211
2209
2212
2207
2213
2213
2214
2174
2202
2205
2215
2165
2216
2165
2217
2218
2219
2221
2216
2222
2193
2223
2224
2174
2224
2225
2172
2178
2225
2226
2227
2180
2228
2229
2228
2230
2196
2231
2191
2232
2233
2234
2235
2236
2236
2237
2183
2200
2213
2235
2238
2239
2240
2200
2241
2186
2241
2242
2243
2243
2244
2189
2192
2245
2190
2246
2247
2248
2235
2249
2194
2250
2251
2252
2248
2253
2252
2254
2248
2255
2256
2252
2256
2257
2258
2214
2259
2224
2260
2261
2260
2260
2262
2207
2263
2229
2222
2264
2265
2265
2219
2266
2267
2212
2214
2268
2269
2270
2271
2272
2221
2220
2273
2274
2275
2276
2277
2278
2257
2279
2280
2280
2281
2280
2282
2262
2281
2263
2283
2231
2284
2285
2255
2286
2234
2286
2287
2236
2281
2288
2289
2290
2291
2292
2240
2283
2293
2239
2242
2294
2295
2296
2270
2295
2258
2296
2297
2297
2246
2298
2299
2250
2300
2247
2301
2249
2302
2303
2291
2304
2305
2253
2279
2306
2307
2308
2309
2310
2311
2311
2312
2313
2314
2296
2315
2271
2315
2316
2317
2318
2263
2320
2266
2273
2278
2321
2322
2323
2324
2268
2325
2326
2327
2328
2322
2327
2283
2329
2328
2329
2277
2331
2332
2333
2275
2334
2335
2336
2318
2324
2335
2330
2337
2331
2338
2339
2340
2341
2342
2290
2323
2343
2311
2343
2344
2304
2345
2346
2289
2347
2348
2346
2349
2343
2349
2294
2350
2350
2351
2352
2351
2353
2354
2299
2355
2353
2356
2357
2299
2358
2301
2359
2360
2301
2361
2362
2304
2363
2364
2309
2364
2365
2366
2308
2367
2307
2340
2368
2369
2339
2370
2371
2372
2369
2373
2374
2344
2365
2374
2375
2375
2376
2357
2377
2377
2378
2319
2320
2341
2319
2324
2342
2379
2380
2381
2379
2325
2382
2383
2384
2385
2336
2386
2387
2387
2388
2384
2389
2356
2384
2390
2337
2391
2337
2392
2334
2380
2393
2336
2394
2395
2396
2397
2398
2381
2391
2399
2376
2400
2342
2401
2347
2404
2345
2404
2405
2406
2407
2408
2409
2410
2352
2407
2410
2403
2411
2355
2366
2412
2413
2412
2414
2413
2415
2382
2416
2417
2413
2418
2357
2415
2419
2360
2420
2421
2422
2421
2423
2367
2424
2363
2422
2425
2426
2427
2405
2426
2405
2428
2414
2427
2370
2372
2429
2430
2430
2371
2431
2432
2433
2428
2434
2374
2435
2436
2437
2419
2389
2438
2439
2439
2440
2441
2383
2385
2442
2443
2444
2386
2417
2445
2446
2439
2447
2389
2448
2449
2450
2451
2398
2452
2440
2452
2453
2453
2454
2455
2397
2443
2456
2456
2445
2455
2450
2457
2400
2458
2437
2459
2409
2403
2409
2460
2461
2408
2460
2462
2414
2463
2411
2463
2464
2442
2464
2460
2465
2416
2466
2467
2468
2444
2469
2442
2470
2444
2471
2423
2467
2472
2420
2473
2474
2475
2476
2477
2475
2478
2425
2433
2479
2476
2480
2480
2481
2472
2482
2435
2483
2434
2484
2485
2435
2458
2486
2486
2487
2488
2480
2488
2487
2489
2490
2491
2449
2473
2492
2493
2494
2495
2494
2496
2497
2445
2497
2498
2499
2447
2471
2500
2448
2493
2501
2502
2498
2502
2503
2457
2496
2504
2505
2506
2507
2508
2509
2510
2503
2505
2511
2485
2491
2511
2462
2481
2483
2513
2514
2515
2516
2512
2517
2515
2470
2518
2519
2520
2521
2482
2519
2522
2473
2498
2520
2523
2524
2525
2526
2477
2527
2474
2478
2528
2477
2529
2530
2531
2532
2520
2533
2530
2534
2535
2535
2536
2536
2537
2538
2539
2540
2541
2540
2542
2543
2544
2542
2545
2546
2547
2538
2541
2545
2539
2548
2549
2528
2550
2495
2551
2552
2553
2554
2555
2552
2556
2557
2526
2509
2557
2558
2555
2558
2559
2551
2560
2526
2561
2562
2507
2552
2563
2555
2564
2565
2566
2567
2565
2567
2556
2544
2568
2515
2569
2539
2570
2516
2571
2572
2573
2522
2573
2556
2569
2521
2574
2575
2575
2576
2577
2527
2578
2571
2579
2525
2574
2580
2557
2581
2582
2559
2583
2584
2537
2585
2533
2586
2587
2588
2532
2588
2589
2587
2590
2586
2591
2547
2592
2593
2594
2595
2571
2596
2575
2597
2598
2599
2598
2600
2601
2602
2544
2603
2547
2604
2605
2606
2607
2608
2595
2607
2609
2609
2601
2611
2611
2612
2561
2591
2613
2614
2615
2554
2616
2614
2617
2618
2619
2619
2565
2582
2580
2620
2621
2622
2584
2621
2623
2615
2623
2624
2566
2625
2626
2626
2627
2606
2612
2628
2572
2629
2630
2631
2632
2633
2634
2579
2581
2635
2578
2584
2591
2632
2636
2631
2637
2582
2638
2639
2640
2641
2584
2632
2642
2590
2636
2643
2644
2645
2646
2647
2648
2594
2649
2650
2646
2649
2644
2605
2651
2647
2651
2652
2596
2653
2599
2653
2597
2654
2643
2655
2656
2607
2657
2602
2603
2608
2608
2658
2659
2660
2661
2661
2660
2662
2663
2664
2665
2666
2611
2667
2668
2669
2621
2670
2671
2672
2672
2673
2618
2674
2675
2620
2676
2627
2639
2677
2678
2642
2671
2679
2680
2680
2681
2676
2682
2631
2639
2637
2654
2683
2683
2684
2634
2638
2685
2655
2686
2640
2686
2687
2688
2689
2687
2690
2691
2692
2641
2693
2692
2694
2679
2695
2649
2696
2688
2697
2648
2698
2688
2699
2700
2701
2700
2702
2701
2702
2703
2704
2665
2701
2705
2703
2706
2707
2708
2708
2709
2710
2706
2710
2711
2662
2712
2713
2714
2715
2716
2714
2717
2669
2718
2664
2666
2719
2720
2721
2703
2722
2715
2723
2724
2669
2712
2724
2725
2697
2726
2674
2727
2675
2727
2728
2678
2729
2730
2731
2732
2733
2691
2734
2735
2679
2736
2737
2738
2739
2740
2694
2742
2689
2695
2743
2709
2743
2744
2692
2745
2745
2746
2747
2748
2749
2746
2744
2750
2750
2746
2751
2726
2752
2709
2749
2753
2747
2699
2754
2755
2756
2757
2757
2753
2755
2758
2717
2759
2722
2759
2760
2707
2761
2742
2762
2745
2763
2764
2742
2719
2765
2766
2718
2721
2767
2718
2768
2721
2769
2769
2770
2771
2771
2772
2773
2774
2774
2775
2775
2723
2776
2769
2773
2777
2777
2778
2748
2779
2739
2780
2731
2781
2731
2782
2732
2739
2783
2784
2785
2735
2785
2786
2736
2787
2788
2789
2790
2782
2791
2752
2791
2792
2793
2792
2793
2794
2751
2786
2795
2749
2796
2788
2797
2798
2799
2748
2756
2800
2801
2802
2803
2803
2779
2804
2801
2805
2755
2757
2806
2807
2800
2808
2761
2776
2805
2771
2809
2810
2811
2812
2765
2813
2763
2813
2814
2764
2798
2797
2815
2816
2817
2818
2772
2819
2820
2819
2821
2822
2822
2778
2823
2817
2824
2825
2826
2811
2817
2827
2828
2829
2793
2830
2830
2831
2832
2833
2834
2835
2836
2832
2836
2837
2835
2789
2832
2838
2839
2796
2840
2803
2841
2835
2838
2842
2804
2843
2844
2845
2845
2846
2814
2804
2847
2802
2848
2802
2849
2849
2807
2850
2807
2851
2852
2853
2854
2815
2855
2808
2856
2857
2810
2812
2858
2859
2860
2861
2862
2860
2863
2815
2864
2849
2865
2866
2818
2864
2867
2868
2869
2871
2824
2826
2872
2873
2874
2875
2876
2828
2877
2878
2825
2879
2826
2880
2881
2882
2882
2850
2883
2884
2837
2884
2885
2886
2843
2886
2845
2887
2838
2888
2888
2889
2890
2891
2892
2893
2847
2893
2894
2895
2896
2846
2897
2898
2851
2854
2866
2894
2899
2900
2857
2901
2902
2853
2900
2903
2883
2904
2861
2866
2902
2859
2905
2901
2905
2876
2906
2907
2908
2909
2910
2911
2863
2911
2912
2906
2913
2914
2915
2915
2914
2868
2916
2917
2879
2912
2916
2877
2874
2878
2873
2918
2919
2920
2921
2922
2923
2876
2924
2925
2926
2927
2926
2919
2928
2928
2918
2901
2929
2897
2930
2889
2931
2932
2933
2888
2897
2934
2935
2932
2936
2892
2895
2935
2937
2938
2939
2938
2940
2937
2941
2902
2941
2943
2904
2944
2946
2946
2947
2948
2949
2950
2951
2952
2942
2949
2953
2929
2954
2955
2925
2956
2909
2957
2910
2955
2958
2959
2952
2960
2960
2961
2961
2962
2959
2963
2964
2917
2948
2965
2928
2966
2961
2967
2968
2969
2962
2970
2925
2962
2971
2922
2968
2972
2926
2973
2924
2974
2975
2976
2977
2970
2978
2946
2979
2979
2980
2981
2939
2944
2981
2935
2945
2982
2983
2980
2983
2984
2954
2985
2986
2987
2988
2989
2943
2990
2991
2950
2992
2993
2989
2994
2995
2967
2996
2996
2997
2997
2998
2952
2955
2999
3000
2965
2989
3001
3002
2963
3003
2958
2959
3004
2964
3005
3006
2964
3007
3008
3009
3006
3010
3011
2996
3012
3013
3008
3012
3014
2970
3015
3016
2976
3017
3018
3014
3017
3019
3019
3020
3021
3021
3022
3023
3024
3003
3024
3020
3025
2999
3026
3027
3027
3028
2988
2994
3029
3030
2986
3029
2986
2988
3031
2992
3001
3032
3033
3034
3035
3036
3037
3038
3036
3039
3040
2998
3000
3039
2995
3041
3042
3043
3039
3044
3045
3046
3002
3047
3007
3047
3026
3048
3049
3050
3051
3005
3052
3049
3053
3054
3011
3045
3045
3055
3018
3056
3057
3050
3058
3059
3053
3060
3043
3061
3061
3062
3064
3016
3065
3057
3062
3066
3067
3068
3069
3067
3070
3071
3072
3072
3073
3023
3074
3075
3051
3075
3063
3047
3076
3041
3077
3031
3078
3041
3079
3080
3037
3081
3082
3083
3084
3035
3079
3085
3082
3086
3087
3086
3088
3088
3089
3090
3048
3091
3092
3092
3093
3093
3094
3095
3095
3096
3097
3098
3083
3097
3099
3100
3076
3084
3100
3069
3101
3102
3054
3103
3100
3104
3058
3056
3105
3106
3107
3108
3068
3108
3109
3110
3060
3111
3112
3098
3113
3106
3114
3115
3071
3065
3066
3116
3116
3117
3073
3118
3116
3119
3107
3120
3071
3121
3122
3074
3123
3075
3124
3125
3126
3093
3127
3127
3128
3080
3129
3130
3085
3128
3131
3132
3133
3132
3134
3135
3136
3129
3137
3138
3139
3132
3140
3141
3142
3091
3143
3136
3096
3144
3145
3146
3114
3142
3140
3147
3099
3105
3148
3149
3150
3102
3109
3151
3152
3104
3110
3153
3113
3154
3112
3155
3115
3156
3112
3157
3115
3158
3159
3111
3160
3113
3161
3162
3163
3164
3165
3167
3167
3168
3168
3169
3170
3167
3171
3172
3172
3173
3174
3175
3175
3176
3124
3170
3177
3178
3179
3152
3179
3135
3150
3180
3181
3181
3182
3144
3183
3184
3143
3182
3185
3186
3138
3187
3188
3148
3189
3190
3189
3191
3187
3192
3138
3185
3193
3194
3194
3195
3196
3142
3197
3197
3198
3199
3200
3181
3201
3184
3201
3202
3203
3149
3164
3204
3163
3205
3155
3206
3154
3207
3174
3208
3209
3208
3210
3211
3210
3212
3156
3213
3164
3214
3173
3215
3216
3171
3215
3217
3218
3219
3211
3219
3220
3162
3220
3221
3213
3216
3212
3221
3222
3166
3214
3217
3224
3223
3225
3226
3227
3225
3228
3229
3230
3229
3231
3232
3233
3231
3234
3235
3177
3236
3178
3228
3237
3238
3239
3207
3240
3241
3242
3184
3201
3243
3200
3244
3190
3245
3246
3200
3247
3245
3248
3249
3212
3250
3250
3251
3192
3240
3252
3253
3194
3243
3254
3255
3198
3255
3256
3256
3204
3257
3258
3259
3246
3258
3260
3261
3262
3203
3262
3263
3264
3260
3265
3206
3221
3251
3213
3266
3267
3239
3268
3218
3234
3269
3267
3270
3270
3271
3272
3273
3224
3274
3233
3275
3273
3276
3275
3277
3278
3279
3271
3278
3280
3281
3282
3224
3230
3283
3284
3285
3286
3235
3236
3287
3236
3289
3233
3290
3277
3290
3285
3291
3234
3276
3292
3293
3294
3295
3296
3238
3297
3298
3285
3298
3299
3262
3300
3300
3301
3302
3303
3254
3301
3304
3305
3306
3305
3307
3249
3253
3261
3305
3308
3309
3310
3311
3272
3306
3282
3307
3306
3311
3312
3311
3303
3313
3308
3314
3259
3265
3308
3315
3316
3266
3317
3318
3319
3264
3320
3321
3307
3322
3323
3269
3324
3279
3325
3326
3327
3328
3282
3327
3274
3329
3275
3330
3293
3281
3331
3332
3281
3333
3334
3282
3327
3335
3336
3337
3286
3340
3341
3340
3339
3342
3296
3343
3344
3342
3343
3341
3345
3346
3332
3347
3294
3347
3348
3294
3349
3350
3332
3349
3351
3344
3346
3345
3352
3353
3352
3354
3323
3355
3319
3356
3357
3356
3358
3318
3357
3359
3360
3361
3362
3363
3363
3364
3365
3364
3366
3367
3368
3355
3361
3369
3314
3370
3371
3363
3372
3316
3373
3374
3375
3373
3376
3377
3366
3356
3378
3378
3379
3375
3376
3329
3377
3380
3326
3354
3381
3382
3383
3384
3385
3386
3387
3386
3388
3331
3389
3337
3389
3390
3350
3391
3392
3388
3393
3394
3383
3394
3336
3362
3395
3391
3393
3376
3397
3347
3398
3399
3399
3348
3400
3342
3401
3402
3346
3403
3401
3405
3406
3392
3399
3407
3390
3392
3408
3409
3382
3409
3410
3400
3411
3405
3412
3411
3385
3413
3414
3415
3416
3417
3366
3371
3418
3362
3419
3420
3387
3419
3380
3374
3371
3421
3420
3421
3422
3423
3368
3424
3425
3369
3413
3426
3417
3427
3428
3427
3428
3429
3430
3431
3429
3432
3431
3431
3389
3433
3414
3434
3435
3391
3436
3384
3437
3438
3439
3440
3441
3441
3442
3387
3443
3443
3395
3444
3445
3408
3408
3446
3447
3396
3448
3449
3440
3445
3419
3449
3398
3446
3446
3450
3451
3401
3452
3453
3454
3404
3455
3456
3406
3457
3455
3410
3458
3459
3460
3447
3461
3438
3462
3463
3464
3463
3465
3466
3435
3467
3467
3468
3435
3468
3469
3470
3471
3471
3472
3424
3473
3432
3472
3474
3425
3475
3426
3476
3477
3471
3478
3469
3479
3480
3481
3432
3433
3482
3483
3484
3436
3485
3486
3472
3487
3442
3464
3488
3489
3490
3440
3448
3491
3492
3493
3490
3494
3444
3495
3449
3496
3497
3498
3448
3487
3499
3500
3498
3501
3459
3501
3453
3458
3502
3454
3503
3456
3504
3457
3505
3503
3506
3503
3507
3508
3509
3462
3510
3461
3485
3511
3512
3513
3513
3514
3515
3502
3515
3507
3516
3495
3517
3518
3518
3519
3521
3522
3475
3519
3523
3524
3525
3479
3526
3527
3527
3528
3529
3530
3477
3531
3532
3533
3517
3524
3531
3534
3535
3481
3536
3537
3484
3538
3539
3538
3529
3537
3512
3539
3518
3520
3541
3512
3543
3544
3545
3546
3547
3548
3509
3549
3499
3550
3551
3497
3552
3553
3553
3554
3545
3549
3554
3496
3555
3556
3556
3511
3543
3557
3524
3555
3557
3559
3509
3561
3562
3563
3564
3565
3566
3563
3567
3562
3566
3510
3564
3568
3569
3560
3570
3558
3559
3571
3559
3572
3546
3570
3573
3544
3561
3561
3562
3574
3555
3575
3576
3577
3521
3523
3535
3578
3579
3580
3581
3528
3543
3581
3532
3582
3583
3583
3584
3585
3586
3587
3588
3533
3580
3575
3589
3589
3590
3590
3536
3584
3591
3582
3592
3593
3540
3593
3540
3594
3588
3594
3595
3595
3596
3586
3597
3598
3599
3600
3601
3549
3602
3603
3551
3603
3604
3605
3552
3606
3607
3606
3608
3609
3610
3609
3611
3612
3613
3613
3581
3607
3594
3614
3564
3615
3567
3616
3617
3618
3619
3621
3622
3569
3623
3624
3605
3625
3601
3626
3586
3588
3627
3573
3614
3627
3600
3628
3615
3622
3629
3595
3630
3630
3631
3632
3633
3631
3634
3635
3636
3637
3638
3636
3639
3585
3640
3587
3641
3638
3642
3608
3593
3643
3644
3638
3645
3636
3646
3592
3647
3632
3648
3649
3650
3651
3615
3652
3612
3653
3605
3652
3653
3604
3654
3624
3655
3605
3624
3656
3657
3658
3659
3660
3658
3661
3610
3662
3659
3663
3611
3664
3613
3665
3658
3666
3667
3668
3669
3625
3617
3672
3673
3623
3674
3675
3621
3675
3621
3676
3677
3678
3679
3680
3673
3681
3681
3652
3679
3628
3655
3671
3644
3659
3654
3670
3645
3668
3682
3682
3683
3684
3635
3685
3637
3683
3686
3687
3688
3689
3690
3691
3689
3692
3693
3642
3692
3694
3647
3694
3695
3663
3691
3695
3696
3696
3697
3698
3699
3699
3700
3701
3701
3702
3703
3697
3651
3688
3704
3705
3706
3707
3655
3708
3709
3707
3710
3711
3711
3712
3713
3712
3714
3708
3713
3714
3662
3663
3715
3691
3716
3717
3718
3719
3668
3716
3718
3667
3719
3720
3707
3721
3697
3671
3722
3679
3723
3724
3676
3725
3726
3727
3680
3727
3728
3729
3709
3730
3688
3731
3732
3685
3703
3733
3690
3734
3735
3733
3735
3736
3737
3690
3700
3738
3698
3739
3740
3702
3739
3741
3742
3743
3744
3745
3716
3746
3746
3740
3747
3748
3748
3749
3749
3737
3750
3706
3751
3752
3752
3753
3754
3724
3755
3756
3757
3758
3720
3758
3715
3720
3759
3760
3717
3745
3760
3761
3762
3743
3760
3763
3764
3765
3766
3764
3767
3768
3769
3728
3768
3770
3771
3772
3773
3774
3775
3751
3776
3776
3777
3755
3757
3770
3737
3778
3778
3779
3780
3781
3779
3782
3783
3741
3782
3737
3784
3785
3747
3783
3742
3786
3746
3787
3780
3788
3748
3789
3744
3789
3745
3790
3791
3792
3793
3794
3780
3795
3796
3797
3798
3798
3799
3759
3800
3801
3791
3802
3771
3801
3798
3803
3804
3803
3805
3806
3807
3806
3808
3808
3762
3766
3809
3763
3810
3765
3811
3812
3766
3812
3807
3799
3813
3815
3816
3817
3803
3815
3814
3818
3819
3820
3775
3821
3822
3777
3797
3823
3824
3784
3825
3826
3827
3825
3828
3829
3825
3830
3796
3830
3831
3832
3833
3834
3793
3833
3835
3828
3834
3836
3837
3838
3838
3810
3835
3839
3840
3826
3841
3842
3843
3844
3844
3802
3845
3846
3805
3845
3847
3813
3844
3848
3806
3849
3850
3851
3852
3837
3853
3852
3853
3854
3811
3855
3856
3851
3857
3851
3858
3815
3859
3860
3817
3823
3861
3819
3862
3845
3821
3863
3822
3864
3824
3865
3866
3824
3867
3868
3869
3836
3870
3870
3829
3871
3872
3873
3874
3842
3875
3876
3877
3878
3839
3879
3872
3880
3881
3882
3883
3877
3884
3840
3884
3872
3885
3886
3887
3867
3888
3888
3889
3884
3890
3848
3860
3891
3892
3893
3891
3894
3895
3852
3853
3895
3896
3897
3877
3855
3878
3898
3881
3899
3857
3899
3896
3900
3901
3902
3861
3903
3904
3905
3905
3906
3907
3906
3908
3909
3866
3910
3911
3912
3904
3913
3911
3913
3874
3914
3883
3914
3916
3917
3918
3918
3919
3920
3915
3920
3921
3922
3923
3924
3922
3879
3925
3881
3926
3882
3924
3927
3928
3929
3930
3916
3931
3932
3918
3933
3932
3930
3934
3936
3892
3937
3932
3938
3939
3904
3940
3900
3938
3941
3937
3942
3943
3944
3945
3901
3946
3898
3944
3946
3947
3948
3948
3949
3950
3951
3952
3903
3953
3939
3954
3955
3956
3957
3958
3959
3958
3960
3910
3959
3962
3912
3963
3964
3965
3964
3965
3966
3920
3967
3916
3968
3919
3967
3969
3970
3971
3972
3973
3945
3974
3925
3975
3976
3977
3978
3947
3979
3933
3980
3981
3970
3982
3983
3949
3980
3931
3984
3985
3977
3985
3935
3986
3987
3988
3987
3985
3989
3953
3991
3992
3993
3943
3994
3941
3995
3951
3996
3945
3997
3998
3953
3999
3993
4000
3975
3948
3952
4000
4001
4002
4002
3952
3993
4003
4004
4005
4007
3957
4006
4008
3956
3966
3995
4009
4010
3960
4010
4011
4009
4012
4013
3962
3963
4014
3965
4015
4016
4017
4018
4016
4019
4020
3986
4021
4022
3971
4022
4023
3971
3988
4024
3973
4025
3990
4027
3977
3987
3997
4000
4028
3978
4029
4030
4031
3982
4032
3981
4001
4029
4033
4033
4034
4035
4036
3984
4022
4037
3986
4038
4039
4040
4034
4041
4042
4043
4040
3994
4044
4045
4046
3999
4008
4047
4048
4044
4048
4049
4040
4050
3999
4051
4052
4053
4054
4055
4056
4056
4057
4005
4058
4059
4059
4060
4057
4061
4053
4062
4063
4016
4064
4063
4065
4012
4013
4064
4066
4065
4067
4015
4068
4066
4069
4071
4072
4073
4069
4073
4047
4071
4025
4074
4075
4076
4074
4076
4077
4041
4078
4079
4027
4075
4079
4080
4030
4051
4054
4035
4081
4081
4082
4032
4039
4083
4036
4084
4056
4085
4035
4086
4087
4037
4088
4038
4089
4039
4090
4042
4091
4090
4094
4095
4096
4097
4046
4051
4097
4054
4098
4099
4096
4100
4060
4101
4102
4052
4083
4092
4103
4104
4105
4062
4104
4055
4081
4106
4107
4107
4098
4108
4109
4108
4110
4111
4062
4113
4096
4114
4065
4115
4116
4117
4118
4119
4070
4121
4121
4122
4123
4072
4124
4125
4126
4127
4128
4129
4129
4130
4078
4127
4131
4132
4128
4133
4095
4133
4134
4135
4103
4136
4137
4084
4094
4136
4138
4139
4140
4087
4139
4141
4135
4142
4089
4143
4144
4130
4145
4145
4141
4146
4093
4112
4094
4147
4148
4149
4101
4150
4106
4151
4100
4152
4102
4153
4151
4154
4110
4155
4105
4150
4112
4156
4136
4156
4109
4157
4109
4140
4111
4158
4159
4160
4151
4161
4162
4114
4120
4163
4149
4164
4116
4118
4165
4164
4166
4167
4168
4169
4166
4170
4170
4171
4173
4174
4126
4169
4174
4173
4175
4125
4152
4165
4176
4176
4177
4129
4178
4179
4180
4181
4180
4182
4183
4146
4182
4178
4148
4184
4157
4185
4186
4185
4187
4188
4144
4147
4186
4189
4190
4159
4190
4191
4143
4191
4192
4193
4194
4195
4196
4196
4197
4198
4196
4199
4200
4201
4202
4187
4201
4203
4204
4202
4204
4205
4187
4203
4206
4205
4206
4207
4163
4208
4189
4209
4161
4210
4189
4210
4207
4211
4211
4212
4208
4201
4214
4215
4216
4217
4218
4168
4215
4168
4219
4217
4220
4215
4221
4213
4222
4223
4224
4225
4223
4226
4227
4217
4228
4229
4184
4229
4181
4230
4193
4231
4232
4233
4234
4228
4234
4235
4230
4236
4209
4237
4238
4239
4240
4237
4241
4242
4243
4244
4198
4245
4237
4246
4247
4233
4248
4195
4247
4249
4238
4250
4251
4233
4252
4251
4253
4254
4255
4216
4256
4209
4257
4218
4258
4259
4260
4261
4262
4263
4264
4214
4239
4265
4243
4266
4257
4266
4267
4214
4268
4269
4270
4218
4271
4272
4273
4220
4222
4274
4223
4275
4276
4278
4279
4280
4281
4226
4282
4283
4282
4284
4285
4236
4287
4232
4288
4289
4286
4287
4290
4291
4285
4288
4292
4293
4294
4295
4242
4296
4253
4297
4241
4262
4298
4299
4300
4247
4299
4267
4301
4301
4302
4246
4302
4303
4304
4305
4306
4249
4289
4307
4308
4309
4309
4310
4311
4311
4303
4312
4294
4313
4256
4298
4314
4260
4315
4261
4265
4259
4316
4264
4317
4318
4319
4263
4320
4319
4320
4266
4321
4322
4267
4295
4323
4324
4269
4277
4297
4314
4271
4274
4325
4315
4326
4273
4275
4327
4316
4326
4328
4329
4328
4330
4325
4331
4331
4281
4332
4280
4283
4330
4333
4334
4335
4336
4336
4337
4338
4293
4339
4340
4342
4342
4343
4340
4344
4307
4312
4345
4345
4346
4343
4346
4347
4342
4348
4348
4300
4305
4297
4310
4349
4350
4319
4351
4351
4352
4320
4353
4324
4354
4355
4355
4356
4357
4358
4359
4353
4354
4308
4352
4357
4360
4361
4360
4362
4341
4362
4363
4364
4356
4365
4366
4349
4367
4368
4369
4370
4371
4318
4370
4372
4368
4373
4373
4374
4374
4375
4376
4372
4375
4376
4377
4354
4377
4369
4378
4328
4379
4371
4380
4381
4332
4378
4382
4383
4384
4367
4386
4387
4336
4338
4388
4389
4390
4391
4387
4389
4392
4384
4393
4394
4395
4341
4396
4397
4398
4344
4399
4361
4400
4365
4401
4401
4402
4395
4402
4403
4394
4404
4351
4405
4364
4406
4406
4407
4359
4408
4409
4410
4358
4411
4407
4412
4412
4413
4407
4414
4412
4415
4401
4416
4363
4417
4405
4418
4419
4404
4420
4421
4369
4422
4379
4423
4424
4379
4425
4426
4427
4428
4429
4430
4408
4429
4427
4431
4431
4432
4409
4385
4424
4433
4384
4434
4382
4383
4435
4436
4437
4390
4438
4439
4440
4422
4437
4392
4442
4443
4444
4445
4444
4446
4442
4447
4448
4393
4449
4452
4453
4397
4454
4455
4399
4404
4456
4457
4458
4454
4457
4459
4460
4461
4453
4458
4462
4452
4406
4463
4464
4465
4414
4432
4432
4466
4466
4467
4413
4467
4468
4469
4470
4471
4472
4473
4416
4474
4475
4459
4476
4455
4474
4477
4463
4478
4479
4468
4480
4481
4482
4482
4463
4483
4484
4485
4486
4484
4487
4426
4428
4488
4489
4429
4490
4491
4492
4464
4486
4492
4493
4494
4435
4485
4488
4439
4489
4495
4496
4484
4496
4497
4444
4498
4446
4495
4499
4499
4500
4441
4487
4483
4502
4503
4450
4503
4504
4448
4505
4447
4506
4507
4508
4509
4500
4502
4451
4510
4481
4511
4511
4512
4513
4513
4514
4514
4515
4511
4516
4517
4518
4461
4476
4480
4519
4520
4516
4520
4521
4523
4465
4524
4472
4525
4526
4527
4528
4527
4529
4470
4475
4525
4530
4531
4473
4528
4531
4492
4532
4494
4532
4518
4533
4534
4535
4535
4536
4478
4533
4537
4523
4538
4538
4529
4539
4540
4541
4542
4487
4543
4544
4496
4545
4546
4547
4544
4548
4549
4549
4493
4550
4551
4548
4550
4552
4551
4494
4553
4526
4554
4555
4556
4498
4556
4557
4501
4558
4554
4559
4559
4560
4562
4507
4563
4510
4564
4505
4506
4558
4509
4565
4508
4566
4559
4567
4509
4568
4569
4570
4540
4572
4573
4518
4574
4516
4575
4576
4577
4536
4576
4578
4579
4539
4580
4581
4582
4573
4582
4583
4542
4574
4524
4543
4547
4584
4584
4585
4528
4586
4587
4588
4530
4589
4535
4590
4585
4591
4551
4585
4534
4592
4584
4593
4594
4581
4595
4596
4597
4572
4598
4599
4598
4600
4561
4601
4557
4601
4546
4548
4602
4603
4604
4601
4605
4606
4554
4607
4603
4608
4603
4609
4610
4586
4608
4611
4556
4566
4612
4613
4560
4614
4566
4615
4616
4617
4619
4615
4564
4620
4621
4615
4622
4616
4623
4624
4623
4625
4626
4626
4571
4621
4627
4628
4629
4630
4575
4577
4632
4581
4633
4598
4634
4579
4635
4636
4592
4631
4582
4637
4638
4639
4630
4634
4640
4642
4643
4588
4644
4645
4644
4646
4597
4645
4647
4591
4647
4648
4643
4646
4649
4650
4594
4650
4651
4595
4648
4636
4652
4649
4653
4654
4600
4655
4654
4656
4657
4604
4613
4658
4659
4605
4660
4642
4661
4610
4658
4662
4662
4663
4609
4664
4665
4666
4667
4616
4663
4668
4622
4668
4669
4670
4671
4657
4670
4672
4673
4674
4672
4619
4672
4657
4675
4624
4677
4677
4678
4625
4680
4681
4682
4681
4683
4682
4684
4685
4686
4685
4678
4687
4654
4688
4688
4689
4690
4633
4641
4691
4692
4693
4691
4694
4692
4695
4650
4696
4653
4697
4639
4693
4698
4640
4697
4699
4700
4651
4701
4659
4701
4702
4703
4664
4702
4703
4704
4705
4706
4690
4707
4708
4705
4709
4698
4706
4710
4711
4694
4656
4712
4713
4661
4714
4715
4660
4664
4701
4714
4670
4709
4667
4716
4716
4717
4718
4666
4718
4719
4720
4721
4682
4722
4671
4723
4724
4725
4715
4725
4726
4679
4680
4727
4683
4717
4728
4727
4729
4730
4731
4732
4733
4734
4684
4723
4730
4735
4736
4737
4734
4738
4730
4739
4734
4740
4741
4694
4742
4742
4743
4699
4744
4745
4699
4746
4713
4747
4748
4710
4748
4749
4750
4751
4751
4752
4753
4743
4750
4754
4705
4703
4755
4756
4706
4711
4757
4758
4759
4760
4749
4760
4761
4761
4762
4763
4764
4751
4765
4766
4767
4768
4720
4769
4724
4770
4722
4771
4772
4720
4755
4721
4773
4774
4775
4724
4776
4777
4778
4779
4780
4781
4782
4729
4733
4760
4761
4783
4784
4785
4732
4786
4787
4788
4789
4736
4737
4790
4791
4792
4793
4794
4777
4791
4795
4796
4797
4789
4796
4787
4798
4799
4800
4767
4801
4746
4747
4802
4752
4803
4804
4764
4805
4806
4807
4808
4809
4804
4810
4801
4803
4811
4800
4811
4812
4814
4814
4815
4815
4816
4817
4759
4818
4819
4763
4816
4807
4806
4781
4806
4819
4819
4820
4804
4821
4817
4822
4823
4824
4825
4799
4824
4825
4770
4774
4818
4826
4827
4775
4776
4828
4794
4828
4774
4829
4830
4831
4830
4832
4779
4792
4833
4834
4780
4784
4835
4826
4833
4782
4836
4836
4837
4784
4838
4806
4807
4839
4840
4786
4790
4797
4842
4843
4842
4841
4844
4795
4844
4845
4846
4847
4848
4848
4849
4850
4851
4849
4851
4852
4853
4854
4854
4855
4856
4800
4857
4858
4813
4859
4860
4860
4861
4862
4807
4864
4809
4812
4865
4810
4822
4861
4866
4859
4867
4867
4868
4860
4831
4869
4870
4871
4872
4869
4873
4827
4871
4837
4821
4874
4875
4876
4877
4873
4878
4879
4880
4857
4879
4859
4881
4830
4882
4837
4883
4832
4849
4884
4885
4886
4870
4884
4887
4848
4888
4835
4889
4890
4891
4892
4893
4894
4875
4893
4864
4893
4895
4895
4856
4896
4845
4897
4852
4898
4850
4899
4847
4900
4901
4853
4902
4903
4904
4905
4906
4890
4907
4901
4908
4901
4909
4856
4910
4912
4913
4913
4914
4915
4916
4867
4917
4863
4866
4876
4918
4877
4878
4919
4920
4921
4922
4914
4919
4923
4924
4871
4925
4926
4874
4927
4928
4927
4929
4930
4931
4894
4932
4931
4933
4934
4935
4936
4881
4937
4938
4939
4883
4940
4941
4926
4932
4925
4886
4942
4887
4943
4944
4889
4941
4945
4892
4946
4891
4947
4895
4948
4949
4950
4935
4935
4949
4951
4897
4953
4954
4955
4900
4956
4957
4958
4959
4960
4958
4961
4962
4904
4961
4963
4944
4964
4957
4965
4964
4965
4908
4955
4966
4962
4967
4960
4968
4969
4968
4970
4912
4971
4953
4970
4972
4973
4974
4939
4975
4917
4920
4922
4920
4976
4977
4978
4927
4931
4979
4923
4975
4980
4981
4982
4983
4982
4984
4928
4985
4986
4930
4987
4936
4986
4988
4932
4989
4990
4991
4934
4992
4993
4976
4994
4972
4995
4996
4996
4995
4943
4985
4997
4991
4998
4943
4984
4999
5000
5000
5001
4963
4998
5002
4947
4950
5003
4948
4966
4950
4951
4991
5004
5004
4952
5005
5006
5007
5008
4956
5009
5006
5010
5011
5012
5011
5013
5013
5014
4960
5015
5016
4967
5017
5018
5019
5020
5017
5021
5001
5018
5022
5003
5006
5023
5024
5025
5026
5027
5008
5028
4974
5029
4977
5030
4981
5031
5032
5034
5035
5034
4979
4980
5033
5036
5037
5035
5038
5032
5039
5040
4988
5041
4985
5040
5042
5037
5043
5042
5044
5045
4994
5046
4991
5047
5048
4992
5036
5049
5050
5051
5053
5054
5032
5029
5055
4998
5021
5057
5048
5058
5059
5021
5058
5060
5003
5019
5061
5062
5053
5063
5053
5064
5009
5027
5065
5066
5012
5067
5023
5068
5069
5015
5070
5022
5071
5016
5020
5072
5025
5073
5024
5073
5019
5074
5022
5075
5076
5024
5077
5078
5079
5026
5080
5081
5027
5082
5083
5084
5085
5031
5086
5087
5085
5088
5089
5090
5091
5092
5037
5093
5089
5094
5095
5039
5096
5097
5088
5098
5059
5099
5099
5100
5101
5057
5099
5045
5046
5095
5048
5057
5102
5100
5103
5100
5104
5049
5063
5105
5105
5050
5106
5052
5107
5089
5108
5108
5092
5104
5109
5110
5111
5112
5113
5114
5075
5112
5062
5105
5115
5063
5116
5108
5116
5066
5067
5117
5118
5119
5080
5070
5071
5120
5121
5122
5072
5123
5121
5124
5121
5125
5078
5126
5127
5126
5128
5077
5129
5130
5131
5132
5111
5113
5123
5128
5133
5125
5131
5134
5135
5136
5137
5138
5118
5139
5140
5141
5140
5142
5091
5142
5143
5144
5145
5146
5096
5147
5148
5148
5097
5147
5149
5106
5150
5151
5149
5151
5152
5144
5153
5154
5114
5155
5155
5156
5103
5157
5158
5159
5160
5161
5162
5163
5163
5164
5165
5166
5110
5141
5167
5158
5168
5169
5168
5169
5156
5168
5130
5170
5171
5166
5171
5119
5138
5172
5172
5122
5173
5174
5175
5176
5177
5178
5174
5179
5132
5179
5180
5135
5181
5169
5182
5129
5183
5184
5182
5185
5186
5187
5188
5187
5189
5185
5190
5134
5191
5192
5137
5193
5194
5194
5195
5195
5196
5197
5145
5198
5199
5144
5147
5200
5201
5154
5202
5203
5205
5205
5161
5206
5203
5207
5208
5159
5209
5153
5210
5211
5201
5212
5213
5214
5215
5159
5163
5216
5183
5217
5218
5213
5219
5220
5205
5221
5214
5222
5223
5165
5208
5223
5224
5198
5226
5227
5228
5188
5223
5229
5195
5230
5177
5231
5232
5177
5233
5181
5234
5235
5236
5235
5237
5238
5239
5240
5190
5234
5241
5189
5192
5239
5242
5216
5243
5185
5239
5244
5245
5216
5246
5247
5191
5248
5247
5249
5250
5251
5245
5251
5193
5252
5237
5253
5254
5255
5198
5256
5257
5200
5256
5258
5259
5260
5202
5260
5261
5262
5225
5263
5210
5264
5265
5209
5266
5267
5209
5268
5269
5224
5270
5271
5212
5272
5261
5267
5273
5274
5275
5275
5227
5274
5276
5220
5243
5277
5271
5276
5278
5278
5279
5280
5281
5282
5222
5266
5283
5280
5284
5247
5225
5285
5228
5277
5286
5231
5254
5287
5240
5288
5236
5288
5251
5289
5252
5289
5238
5290
5252
5291
5292
5293
5294
5295
5296
5295
5297
5298
5286
5294
5244
5299
5300
5301
5302
5303
5276
5304
5305
5306
5249
5250
5307
5308
5309
5310
5311
5312
5313
5291
5314
5315
5316
5317
5317
5318
5257
5319
5262
5320
5319
5321
5322
5323
5324
5262
5322
5325
5264
5268
5326
5327
5328
5283
5324
5329
5330
5328
5331
5328
5332
5271
5332
5333
5306
5333
5334
5330
5322
5331
5335
5281
5336
5280
5337
5338
5281
5339
5330
5340
5282
5340
5341
5342
5343
5299
5344
5284
5345
5346
5320
5347
5339
5290
5348
5349
5298
5350
5351
5352
5353
5298
5349
5354
5351
5352
5354
5296
5300
5349
5355
5356
5302
5357
5358
5359
5338
5360
5339
5361
5302
5360
5362
5363
5304
5363
5364
5365
5366
5306
5333
5365
5309
5308
5367
5367
5368
5369
5312
5368
5369
5364
5370
5350
5371
5373
5353
5374
5316
5374
5375
5376
5377
5376
5378
5379
5380
5381
5382
5323
5383
5384
5385
5386
5345
5385
5381
5387
5388
5389
5390
5331
5345
5391
5392
5393
5394
5395
5396
5397
5398
5399
5337
5343
5400
5340
5366
5401
5402
5344
5403
5404
5346
5400
5403
5405
5406
5405
5407
5408
5409
5382
5410
5351
5377
5411
5412
5359
5370
5413
5375
5414
5373
5414
5415
5416
5357
5417
5418
5417
5419
5362
5420
5420
5421
5422
5422
5423
5424
5425
5401
5419
5426
5426
5427
5421
5424
5428
5429
5396
5429
5424
5430
5431
5429
5431
5372
5432
5433
5433
5434
5433
5434
5435
5436
5437
5377
5437
5378
5438
5439
5440
5441
5442
5382
5443
5444
5445
5443
5446
5386
5387
5398
5447
5446
5448
5444
5449
5394
5450
5451
5452
5395
5452
5453
5392
5454
5455
5402
5456
5399
5453
5454
5396
5457
5456
5457
5451
5458
5459
5449
5460
5461
5462
5463
5406
5430
5464
5463
5465
5464
5465
5466
5463
5467
5467
5425
5466
5468
5409
5447
5455
5465
5469
5470
5439
5471
5418
5472
5416
5473
5437
5474
5423
5474
5475
5472
5475
5476
5477
5477
5478
5476
5479
5480
5481
5482
5483
5484
5435
5485
5486
5427
5487
5476
5488
5488
5489
5432
5481
5490
5491
5492
5493
5484
5494
5495
5496
5474
5497
5441
5498
5499
5439
5500
5501
5442
5500
5502
5503
5504
5445
5504
5505
5504
5506
5448
5507
5508
5509
5458
5510
5511
5512
5511
5513
5462
5514
5461
5514
5464
5515
5493
5514
5493
5511
5513
5508
5516
5517
5516
5518
5513
5518
5519
5520
5521
5522
5523
5468
5524
5488
5525
5507
5526
5505
5527
5473
5528
5529
5530
5531
5532
5533
5534
5535
5536
5537
5538
5489
5539
5540
5483
5537
5539
5484
5541
5486
5540
5542
5485
5543
5544
5545
5546
5487
5492
5522
5547
5548
5547
5549
5491
5550
5512
5520
5551
5552
5495
5553
5554
5546
5554
5555
5499
5556
5557
5501
5531
5558
5528
5559
5503
5558
5560
5556
5561
5561
5563
5509
5564
5565
5515
5566
5565
5567
5517
5569
5570
5518
5516
5571
5573
5572
5574
5573
5524
5575
5522
5571
5523
5526
5575
5576
5577
5578
5525
5577
5579
5580
5581
5582
5583
5584
5533
5538
5532
5584
5585
5586
5587
5586
5588
5588
5589
5548
5590
5536
5590
5591
5592
5545
5593
5589
5592
5594
5595
5547
5596
5542
5550
5597
5551
5598
5544
5599
5600
5601
5602
5589
5603
5599
5604
5605
5579
5606
5594
5606
5607
5608
5552
5609
5569
5610
5601
5611
5587
5612
5613
5559
5614
5614
5615
5559
5616
5617
5618
5619
5563
5621
5581
5622
5619
5623
5624
5625
5567
5626
5627
5623
5628
5569
5608
5629
5572
5573
5629
5609
5630
5610
5620
5626
5631
5577
5578
5605
5630
5632
5633
5634
5635
5625
5633
5636
5637
5617
5638
5586
5639
5640
5641
5642
5615
5642
5640
5643
5643
5644
5593
5644
5645
5646
5594
5647
5648
5596
5600
5649
5650
5651
5598
5602
5652
5650
5653
5611
5654
5655
5656
5611
5657
5656
5658
5604
5659
5660
5613
5661
5651
5662
5644
5663
5662
5664
5665
5610
5653
5629
5666
5667
5668
5669
5670
5671
5617
5672
5673
5674
5622
5675
5621
5676
5676
5677
5678
5679
5675
5680
5628
5679
5681
5630
5682
5683
5683
5684
5685
5686
5687
5635
5688
5683
5689
5662
5688
5690
5663
5637
5677
5691
5692
5639
5673
5693
5641
5694
5695
5696
5697
5668
5698
5659
5699
5700
5700
5701
5702
5701
5703
5648
5660
5704
5649
5665
5705
5706
5656
5707
5705
5708
5658
5709
5710
5711
5655
5661
5712
5706
5713
5713
5658
5714
5668
5715
5716
5717
5716
5718
5719
5664
5720
5688
5721
5719
5722
5712
5669
5723
5718
5724
5725
5726
5698
5726
5727
5674
5728
5725
5729
5730
5731
5679
5732
5731
5734
5680
5684
5735
5736
5737
5687
5738
5739
5686
5739
5740
5741
5742
5711
5708
5710
5743
5744
5745
5690
5741
5745
5746
5692
5747
5748
5697
5749
5698
5750
5751
5752
5753
5752
5754
5755
5755
5756
5703
5715
5753
5720
5757
5704
5757
5758
5759
5760
5717
5722
5719
5761
5716
5762
5708
5710
5763
5761
5711
5764
5765
5766
5767
5763
5767
5767
5768
5769
5770
5769
5771
5772
5773
5774
5721
5758
5775
5758
5776
5724
5756
5778
5777
5779
5750
5781
5750
5782
5783
5784
5729
5785
5749
5781
5780
5786
5787
5733
5736
5788
5789
5747
5788
5790
5791
5792
5793
5791
5794
5787
5792
5744
5794
5795
5764
5796
5797
5798
5799
5798
5800
5793
5800
5765
5801
5774
5798
5802
5803
5804
5805
5806
5754
5807
5808
5809
5760
5810
5809
5811
5812
5784
5807
5759
5813
5814
5769
5815
5816
5762
5799
5763
5817
5818
5765
5818
5819
5773
5820
5778
5810
5821
5822
5771
5823
5824
5825
5826
5827
5828
5829
5828
5799
5830
5801
5814
5825
5830
5831
5784
5833
5807
5834
5827
5834
5835
5785
5836
5785
5837
5783
5838
5839
5840
5841
5842
5790
5843
5844
5794
5845
5846
5844
5847
5845
5848
5849
5850
5851
5796
5852
5853
5797
5854
5855
5856
5857
5817
5858
5860
5830
5860
5861
5804
5862
5863
5812
5864
5808
5837
5865
5866
5811
5867
5810
5868
5869
5870
5871
5871
5815
5872
5831
5872
5873
5874
5874
5875
5824
5876
5877
5878
5877
5877
5822
5880
5881
5826
5873
5829
5882
5883
5883
5884
5884
5885
5882
5886
5887
5888
5832
5889
5887
5890
5884
5860
5891
5888
5835
5880
5892
5888
5893
5841
5842
5895
5864
5896
5839
5865
5840
5866
5897
5898
5899
5900
5845
5901
5902
5862
5903
5849
5851
5904
5850
5905
5858
5906
5907
5852
5908
5855
5909
5854
5859
5910
5856
5878
5857
5911
5876
5912
5858
5913
5914
5915
5916
5917
5913
5918
5919
5863
5920
5922
5871
5923
5867
5924
5867
5892
5925
5869
5926
5875
5881
5926
5927
5928
5927
5891
5929
5930
5930
5931
5878
5932
5933
5933
5889
5935
5936
5937
5931
5938
5936
5939
5940
5941
5942
5886
5943
5944
5929
5945
5936
5946
5947
5890
5940
5948
5944
5949
5950
5951
5947
5951
5895
5952
5898
5954
5898
5955
5956
5951
5957
5954
5901
5959
5960
5903
5905
5959
5962
5963
5908
5960
5964
5965
5966
5907
5964
5967
5965
5968
5909
5961
5910
5911
5912
5916
5912
5969
5970
5914
5971
5967
5972
5933
5973
5974
5918
5975
5972
5976
5942
5977
5978
5921
5962
5979
5958
5980
5956
5981
5925
5953
5955
5982
5983
5984
5985
5982
5984
5986
5944
5987
5931
5988
5989
5935
5940
5990
5934
5935
5991
5992
5950
5993
5994
5989
5994
5995
5945
5996
5997
5998
5942
5997
5999
5943
5978
6000
6001
6000
6002
5948
6003
6004
6003
6005
5975
6001
5983
6006
6007
5953
5955
6008
6009
6010
6011
5957
6012
6014
6016
6017
6016
6018
6015
6019
5973
6015
6016
6020
5966
6020
6019
6021
6018
6022
6023
6024
6025
6025
6026
5970
5971
6021
5990
6027
5977
6024
6028
6027
6029
5978
6029
6030
5999
6031
6032
5980
6033
6035
5985
6036
6037
6038
6037
6039
5995
6040
5986
6041
6042
5988
6043
6044
6045
6045
6046
5998
6047
6047
5993
5996
6048
6049
6050
6049
6051
6051
6052
6053
6054
6000
6055
5999
6056
6057
6058
6029
6044
6043
6059
6060
6061
6048
6061
6062
6056
6063
6064
6007
6039
6050
6013
6065
6066
6067
6068
6014
6069
6012
6038
6067
6036
6070
6068
6071
6072
6073
6073
6074
6075
6019
6076
6077
6078
6079
6024
6077
6023
6080
6081
6078
6082
6083
6028
6084
6081
6085
6047
6086
6087
6088
6087
6088
6089
6090
6091
6092
6058
6092
6093
6035
6079
6094
6074
6094
6095
6042
6096
6051
6097
6042
6098
6068
6099
6052
6100
6100
6101
6101
6102
6103
6104
6103
6105
6105
6106
6107
6108
6109
6054
6110
6109
6111
6112
6106
6113
6055
6108
6114
6059
6115
6057
6116
6117
6118
6091
6118
6060
6116
6103
6119
6120
6121
6065
6064
6108
6122
6117
6118
6123
6109
6124
6126
6127
6128
6125
6071
6096
6126
6130
6131
6076
6132
6133
6134
6080
6136
6131
6136
6132
6137
6137
6132
6138
6082
6139
6140
6084
6090
6141
6085
6142
6139
6143
6131
6144
6145
6093
6144
6146
6147
6148
6149
6150
6149
6151
6151
6152
6153
6154
6154
6155
6099
6156
6157
6127
6157
6158
6128
6159
6160
6161
6162
6104
6121
6163
6164
6145
6165
6164
6166
6117
6167
6168
6111
6112
6169
6159
6170
6156
6171
6171
6172
6173
6115
6174
6175
6119
6169
6149
6176
6177
6150
6178
6179
6176
6178
6180
6152
6180
6123
6181
6182
6127
6184
6130
6185
6130
6186
6187
6129
6184
6190
6135
6133
6153
6191
6135
6136
6192
6141
6153
6193
6139
6141
6194
6195
6193
6196
6197
6144
6148
6198
6198
6199
6200
6146
6201
6152
6202
6197
6203
6204
6151
6205
6206
6204
6207
6208
6209
6210
6211
6161
6212
6159
6213
6184
6214
6215
6216
6217
6218
6173
6219
6220
6215
6219
6221
6165
6222
6223
6224
6225
6201
6172
6226
6174
6181
6227
6170
6183
6227
6228
6229
6218
6230
6229
6231
6232
6233
6232
6234
6228
6235
6176
6178
6235
6206
6204
6236
6237
6238
6225
6239
6240
6209
6241
6242
6243
6242
6244
6189
6246
6188
6190
6247
6187
6248
6249
6217
6245
6218
6248
6194
6250
6251
6197
6237
6253
6254
6255
6256
6196
6256
6257
6254
6258
6255
6200
6259
6257
6260
6261
6262
6261
6262
6263
6205
6264
6265
6264
6266
6267
6208
6268
6244
6264
6268
6209
6267
6269
6251
6254
6270
6270
6271
6249
6272
6273
6214
6231
6274
6216
6275
6276
6277
6276
6278
6279
6280
6274
6234
6281
6221
6272
6281
6282
6241
6283
6284
6224
6283
6285
6226
6285
6233
6286
6230
6287
6230
6288
6239
6289
6290
6291
6292
6293
6239
6294
6291
6295
6296
6297
6298
6240
6241
6299
6300
6300
6301
6269
6297
6302
6287
6302
6303
6304
6305
6275
6248
6306
6280
6307
6252
6308
6256
6309
6253
6255
6310
6311
6312
6313
6258
6314
6315
6260
6266
6316
6314
6317
6318
6284
6269
6284
6319
6320
6266
6312
6321
6322
6268
6322
6303
6323
6311
6324
6324
6325
6326
6282
6327
6307
6328
6329
6330
6329
6331
6291
6332
6280
6282
6333
6334
6335
6336
6305
6334
6337
6338
6339
6340
6301
6341
6342
6286
6301
6343
6344
6289
6290
6345
6292
6346
6330
6347
6348
6330
6349
6350
6351
6343
6351
6352
6350
6353
6354
6345
6355
6356
6303
6356
6320
6357
6355
6358
6359
6352
6358
6360
6361
6362
6320
6363
6307
6367
6368
6309
6369
6370
6324
6371
6357
6373
6313
6374
6314
6371
6375
6373
6376
6317
6318
6377
6378
6379
6323
6379
6380
6321
6374
6381
6382
6383
6359
6383
6384
6370
6385
6385
6386
6328
6387
6388
6389
6390
6336
6335
6391
6392
6340
6392
6393
6364
6394
6395
6396
6364
6397
6338
6365
6394
6368
6393
6353
6398
6387
6398
6342
6399
6400
6360
6347
6401
6402
6403
6358
6403
6404
6390
6405
6349
6354
6391
6404
6406
6407
6408
6409
6360
6410
6408
6411
6412
6413
6403
6414
6362
6415
6372
6374
6416
6414
6417
6399
6401
6415
6418
6382
6420
6381
6419
6420
6421
6423
6423
6424
6424
6425
6372
6426
6426
6427
6428
6426
6378
6427
6429
6428
6429
6430
6379
6383
6431
6432
6433
6434
6400
6434
6435
6436
6437
6437
6438
6438
6428
6439
6440
6441
6439
6442
6443
6444
6425
6445
6390
6446
6448
6449
6450
6451
6452
6453
6454
6455
6397
6448
6456
6450
6455
6457
6447
6458
6459
6460
6461
6462
6405
6405
6415
6463
6464
6465
6466
6467
6446
6468
6469
6409
6412
6470
6471
6410
6472
6416
6473
6413
6459
6474
6465
6475
6449
6476
6438
6477
6478
6465
6479
6435
6479
6480
6481
6481
6482
6437
6478
6422
6424
6483
6423
6484
6484
6485
6486
6440
6488
6489
6440
6490
6490
6491
6433
6492
6493
6490
6494
6494
6495
6492
6496
6497
6486
6498
6499
6500
6500
6489
6501
6502
6442
6503
6501
6504
6460
6505
6445
6452
6505
6485
6506
6467
6507
6508
6468
6509
6451
6510
6453
6511
6459
6511
6485
6512
6455
6513
6514
6515
6457
6516
6517
6515
6518
6516
6519
6520
6462
6473
6497
6464
6522
6523
6466
6477
6524
6469
6525
6521
6522
6508
6526
6522
6527
6472
6528
6529
6474
6529
6530
6530
6531
6532
6533
6476
6528
6534
6533
6535
6480
6536
6481
6523
6531
6537
6538
6539
6540
6499
6541
6541
6542
6487
6488
6503
6498
6543
6544
6545
6544
6546
6496
6547
6495
6500
6548
6549
6550
6498
6551
6538
6552
6531
6553
6554
6555
6536
6556
6557
6543
6557
6558
6559
6560
6561
6562
6562
6563
6508
6564
6510
6517
6565
6566
6567
6566
6568
6513
6569
6570
6571
6572
6515
6573
6518
6574
6566
6575
6520
6532
6576
6577
6578
6579
6536
6580
6525
6534
6537
6539
6581
6527
6565
6582
6581
6583
6584
6585
6585
6586
6587
6588
6585
6589
6590
6591
6567
6592
6593
6548
6539
6594
6548
6595
6596
6580
6597
6598
6599
6570
6598
6601
6559
6602
6603
6546
6558
6604
6603
6605
6550
6606
6607
6551
6604
6608
6609
6554
6610
6553
6606
6611
6612
6602
6613
6613
6560
6614
6615
6559
6615
6616
6617
6618
6619
6577
6620
6621
6620
6601
6622
6582
6623
6624
6625
6623
6626
6572
6576
6625
6572
6621
6627
6628
6629
6573
6629
6630
6631
6632
6633
6624
6634
6635
6633
6635
6636
6637
6638
6638
6579
6580
6583
6639
6640
6641
6642
6643
6644
6645
6586
6591
6646
6647
6587
6648
6594
6612
6649
6650
6593
6650
6651
6592
6641
6652
6594
6652
6653
6654
6654
6655
6656
6596
6607
6657
6640
6658
6659
6662
6663
6663
6664
6632
6662
6666
6667
6617
6668
6614
6669
6617
6670
6671
6672
6673
6674
6675
6609
6670
6676
6673
6677
6675
6676
6678
6657
6679
6680
6679
6681
6668
6682
6616
6683
6616
6684
6685
6685
6668
6684
6683
6686
6687
6638
6688
6666
6687
6689
6653
6690
6642
6691
6636
6692
6655
6692
6693
6628
6688
6694
6666
6695
6662
6696
6631
6633
6697
6636
6698
6699
6700
6701
6702
6649
6703
6704
6703
6644
6659
6674
6705
6706
6653
6706
6707
6645
6705
6708
6708
6648
6709
6710
6651
6709
6681
6711
6712
6713
6713
6714
6715
6716
6717
6718
6719
6712
6720
6658
6679
6716
6658
6721
6722
6661
6682
6723
6723
6724
6725
6665
6725
6726
6727
6725
6728
6729
6683
6730
6672
6731
6730
6732
6677
6732
6680
6733
6705
6734
6721
6734
6735
6736
6737
6682
6738
6739
6740
6735
6741
6742
6743
6744
6729
6729
6745
6746
6747
6688
6748
6749
6748
6750
6691
6751
6752
6701
6753
6702
6704
6702
6752
6754
6695
6698
6755
6696
6756
6697
6757
6698
6758
6759
6758
6760
6760
6761
6752
6761
6762
6763
6711
6764
6765
6722
6766
6753
6767
6768
6715
6742
6768
6712
6769
6770
6771
6718
6768
6772
6718
6773
6722
6773
6751
6766
6774
6775
6720
6774
6775
6776
6777
6735
6778
6779
6739
6757
6782
6784
6728
6756
6785
6782
6786
6743
6787
6736
6745
6788
6788
6789
6737
6741
6739
6790
6791
6738
6792
6793
6794
6795
6796
6742
6773
6797
6798
6799
6800
6780
6794
6745
6746
6787
6794
6802
6803
6803
6804
6763
6804
6805
6785
6806
6807
6808
6809
6810
6811
6809
6812
6813
6759
6805
6814
6815
6816
6783
6816
6783
6817
6762
6818
6819
6811
6820
6764
6821
6822
6822
6823
6790
6824
6825
6779
6825
6824
6826
6823
6827
6828
6771
6777
6828
6829
6826
6829
6830
6831
6832
6833
6830
6834
6835
6836
6837
6838
6839
6791
6840
6841
6841
6842
6801
6782
6816
6844
6844
6845
6846
6844
6846
6788
6848
6849
6793
6849
6796
6840
6792
6799
6795
6850
6851
6802
6852
6853
6843
6853
6798
6800
6854
6855
6851
6856
6857
6802
6858
6859
6860
6862
6822
6863
6862
6864
6865
6866
6867
6833
6867
6868
6820
6869
6866
6821
6870
6871
6836
6869
6871
6815
6863
6872
6845
6873
6874
6875
6876
6872
6876
6877
6820
6875
6878
6877
6879
6880
6879
6881
6882
6883
6865
6884
6857
6885
6886
6885
6887
6839
6839
6888
6834
6842
6854
6834
6842
6889
6837
6889
6890
6838
6891
6892
6893
6894
6893
6895
6887
6896
6897
6853
6884
6884
6898
6898
6883
6847
6864
6900
6901
6859
6902
6850
6903
6851
6904
6905
6906
6907
6908
6906
6855
6890
6856
6909
6898
6905
6888
6907
6910
6910
6911
6912
6913
6913
6914
6913
6915
6882
6916
6882
6917
6918
6919
6869
6893
6918
6920
6877
6921
6922
6894
6923
6924
6925
6874
6926
6927
6921
6921
6928
6929
6920
6930
6931
6881
6932
6886
6933
6934
6935
6936
6937
6892
6936
6890
6938
6939
6940
6941
6895
6942
6943
6930
6944
6945
6930
6946
6947
6948
6897
6943
6949
6950
6951
6907
6952
6901
6926
6953
6954
6955
6903
6956
6957
6908
6957
6958
6958
6959
6952
6960
6961
6961
6962
6959
6963
6912
6965
6966
6967
6968
6932
6968
6969
6953
6970
6971
6919
6935
6972
6973
6973
6974
6940
6975
6976
6977
6978
6979
6980
6981
6979
6982
6983
6984
6985
6986
6927
6928
6986
6987
6988
6980
6984
6989
6990
6989
6991
6992
6993
6992
6993
6994
6972
6951
6960
6995
6996
6997
6998
6941
6950
6948
6999
7000
6951
7001
6963
7000
6944
7002
7003
7004
7005
6990
7006
6946
6947
7007
6982
7008
7003
7009
7005
7009
6996
7010
7011
7012
7013
7015
7016
7017
7018
7017
6965
7019
7020
7019
7021
7012
7022
7023
6962
7024
7014
7025
7012
7026
7027
6966
7025
6966
6967
7028
7029
6985
7029
7030
7029
7031
7032
7033
7034
7035
7036
6977
7037
6975
7007
7037
7038
7039
6983
6981
7040
7041
7042
7043
7043
7044
7045
7046
7041
7047
7048
7049
7031
7048
6988
7049
6988
7016
7050
7042
7052
6991
7008
7053
7054
7054
7055
7030
7056
6997
7057
7058
6998
7006
7059
7059
7060
7061
7061
7062
7001
7063
7064
7011
7065
7039
7066
7004
7067
7068
7008
7069
7010
7070
7011
7070
7067
7071
7045
7072
7053
7063
7073
7074
7075
7076
7077
7024
7026
7018
7033
7078
7031
7079
7080
7025
7081
7028
7082
7022
7083
7023
7084
7085
7026
7036
7086
7087
7065
7085
7088
7089
7055
7090
7091
7034
7089
7092
7093
7094
7038
7095
7096
7097
7098
7097
7099
7072
7099
7042
7046
7100
7044
7101
7102
7051
7103
7047
7104
7053
7105
7098
7106
7052
7107
7051
7108
7109
7055
7110
7111
7058
7112
7113
7057
7114
7060
7115
7071
7116
7062
7075
7117
7071
7118
7119
7072
7120
7121
7122
7123
7123
7124
7077
7122
7125
7075
7126
7069
7127
7128
7073
7129
7128
7130
7131
7132
7120
7128
7133
7134
7134
7124
7130
7087
7135
7079
7136
7137
7109
7138
7137
7139
7082
7083
7140
7141
7142
7135
7142
7143
7143
7144
7096
7145
7146
7147
7114
7148
7149
7138
7150
7151
7150
7152
7153
7094
7154
7152
7096
7125
7125
7155
7101
7102
7156
7157
7103
7158
7105
7159
7160
7111
7156
7157
7159
7110
7151
7161
7162
7163
7113
7158
7129
7164
7164
7165
7166
7148
7166
7167
7168
7167
7169
7170
7131
7165
7170
7169
7171
7119
7171
7172
7173
7174
7175
7174
7176
7177
7135
7178
7143
7179
7180
7181
7127
7182
7183
7184
7185
7186
7187
7188
7133
7189
7183
7190
7160
7175
7191
7192
7173
7182
7193
7154
7194
7195
7196
7163
7194
7197
7198
7199
7200
7146
7200
7198
7201
7202
7199
7203
7204
7149
7153
7205
7206
7168
7207
7208
7209
7210
7211
7212
7213
7207
7214
7213
7215
7181
7191
7216
7217
7216
7218
7219
7216
7220
7188
7220
7162
7211
7221
7222
7222
7187
7217
7223
7224
7219
7225
7226
7227
7228
7229
7230
7231
7232
7233
7190
7233
7234
7235
7236
7237
7188
7236
7179
7238
7239
7178
7240
7241
7193
7242
7180
7243
7244
7242
7235
7245
7185
7246
7186
7247
7248
7223
7249
7189
7237
7223
7250
7251
7244
7252
7231
7246
7253
7254
7245
7252
7198
7255
7209
7256
7196
7257
7258
7197
7259
7260
7255
7261
7262
7263
7202
7260
7243
7255
7263
7264
7225
7227
7265
7210
7265
7266
7266
7267
7210
7266
7268
7213
7268
7269
7222
7270
7214
7271
7271
7272
7257
7273
7274
7219
7275
7221
7276
7277
7278
7279
7225
7232
7280
7281
7228
7230
7282
7232
7283
7284
7231
7233
7285
7286
7287
7288
7289
7235
7246
7290
7291
7240
7292
7239
7293
7241
7243
7294
7244
7295
7253
7296
7260
7297
7253
7298
7299
7247
7300
7301
7252
7302
7249
7303
7304
7301
7305
7251
7306
7307
7278
7308
7299
7309
7298
7258
7310
7259
7311
7312
7313
7263
7314
7313
7315
7316
7317
7318
7319
7320
7272
7284
7320
7321
7322
7270
7322
7323
7324
7325
7325
7326
7324
7327
7275
7328
7277
7307
7277
7329
7328
7330
7305
7306
7331
7288
7331
7332
7329
7332
7333
7283
7334
7335
7319
7336
7334
7337
7338
7339
7340
7335
7339
7288
7338
7341
7336
7340
7342
7291
7342
7343
7300
7293
7308
7344
7345
7346
7347
7348
7347
7349
7350
7309
7344
7351
7313
7348
7352
7353
7349
7354
7341
7355
7303
7356
7357
7358
7359
7305
7346
7358
7360
7361
7362
7328
7363
7362
7364
7353
7322
7312
7327
7365
7367
7316
7368
7316
7369
7370
7317
7371
7323
7333
7372
7373
7374
7321
7374
7325
7375
7376
7377
7378
7379
7379
7337
7380
7381
7382
7363
7383
7364
7382
7360
7384
7384
7385
7386
7387
7374
7388
7389
7390
7391
7392
7393
7391
7394
7389
7395
7395
7396
7360
7397
7398
7354
7355
7398
7399
7400
7350
7399
7401
7362
7401
7402
7403
7404
7357
7405
7406
7407
7408
7409
7410
7369
7404
7409
7368
7356
7411
7359
7412
7359
7413
7406
7414
7415
7416
7417
7418
7363
7384
7419
7420
7421
7400
7422
7366
7381
7424
7425
7410
7426
7427
7371
7428
7429
7373
7430
7431
7432
7433
7434
7376
7435
7436
7423
7437
7387
7431
7437
7438
7439
7440
7440
7441
7442
7443
7444
7387
7445
7386
7446
7447
7430
7448
7449
7390
7393
7450
7391
7451
7452
7453
7432
7446
7453
7441
7397
7454
7455
7456
7398
7455
7457
7412
7458
7459
7408
7460
7461
7416
7462
7405
7463
7404
7407
7464
7465
7466
7416
7467
7468
7469
7468
7470
7427
7468
7427
7413
7471
7455
7472
7414
7473
7466
7474
7475
7476
7477
7475
7472
7476
7478
7445
7477
7479
7420
7421
7480
7422
7462
7444
7481
7444
7482
7425
7483
7484
7485
7428
7487
7488
7488
7489
7490
7489
7491
7492
7493
7494
7491
7495
7434
7494
7496
7435
7450
7497
7498
7439
7484
7498
7497
7499
7500
7443
7501
7501
7502
7503
7504
7484
7503
7447
7480
7491
7505
7505
7506
7449
7507
7508
7502
7509
7456
7510
7511
7511
7512
7454
7510
7513
7514
7515
7457
7516
7515
7517
7472
7479
7518
7471
7517
7461
7519
7520
7482
7520
7521
7464
7522
7523
7524
7487
7523
7525
7469
7526
7527
7528
7524
7528
7519
7529
7531
7532
7474
7478
7531
7527
7533
7521
7526
7534
7535
7534
7536
7535
7537
7534
7538
7506
7536
7539
7520
7486
7504
7540
7541
7490
7542
7530
7543
7544
7545
7546
7493
7508
7547
7500
7548
7497
7549
7496
7550
7551
7509
7552
7553
7554
7555
7556
7554
7557
7554
7558
7557
7559
7560
7561
7562
7563
7564
7563
7565
7566
7512
7567
7514
7551
7568
7569
7568
7570
7518
7562
7571
7515
7571
7572
7569
7573
7573
7574
7538
7575
7576
7577
7536
7578
7525
7579
7580
7579
7581
7533
7582
7583
7582
7584
7585
7586
7576
7585
7587
7588
7589
7537
7572
7575
7584
7590
7591
7582
7592
7593
7588
7594
7562
7595
7563
7541
7555
7597
7556
7543
7598
7599
7586
7600
7545
7601
7547
7561
7602
7566
7603
7549
7604
7605
7552
7606
7607
7608
7609
7568
7610
7607
7611
7555
7556
7606
7612
7613
7614
7615
7612
7616
7560
7597
7617
7596
7618
7620
7621
7621
7622
7593
7620
7622
7566
7623
7570
7616
7624
7625
7625
7626
7627
7628
7574
7627
7629
7588
7629
7594
7627
7630
7578
7619
7630
7593
7631
7584
7632
7581
7598
7633
7634
7635
7585
7631
7636
7637
7638
7633
7638
7639
7640
7590
7640
7641
7592
7595
7642
7635
7643
7642
7643
7644
7643
7645
7646
7647
7648
7633
7649
7601
7649
7650
7650
7651
7652
7603
7609
7653
7605
7654
7655
7656
7656
7657
7658
7659
7657
7660
7610
7661
7662
7657
7663
7628
7664
7624
7659
7665
7666
7667
7648
7659
7667
7658
7617
7666
7668
7669
7670
7646
7669
7622
7623
7671
7645
7672
7623
7673
7668
7674
7664
7675
7676
7677
7678
7678
7679
7680
7681
7631
7682
7683
7634
7684
7685
7686
7636
7687
7683
7688
7684
7687
7689
7639
7690
7651
7691
7692
7693
7689
7694
7671
7683
7695
7693
7695
7696
7671
7697
7698
7699
7700
7670
7701
7702
7652
7703
7704
7663
7672
7705
7706
7707
7658
7706
7708
7709
7710
7711
7665
7712
7713
7712
7714
7715
7663
7679
7716
7717
7680
7718
7719
7720
7721
7668
7721
7722
7723
7721
7724
7725
7679
7697
7725
7676
7719
7727
7677
7718
7728
7729
7730
7680
7696
7731
7732
7692
7732
7733
7734
7686
7735
7686
7690
7736
7737
7688
7738
7690
7739
7735
7740
7741
7742
7743
7694
7743
7740
7744
7738
7745
7731
7746
7745
7747
7723
7748
7749
7749
7701
7750
7751
7752
7753
7752
7754
7754
7755
7756
7757
7755
7709
7758
7760
7713
7761
7711
7759
7750
7762
7763
7764
7765
7766
7767
7768
7769
7716
7764
7770
7717
7771
7756
7761
7769
7772
7763
7773
7762
7774
7775
7776
7727
7777
7724
7778
7751
7779
7734
7780
7781
7782
7783
7730
7767
7784
7783
7785
7769
7786
7745
7787
7746
7772
7734
7788
7789
7753
7790
7791
7789
7790
7740
7792
7741
7788
7793
7794
7742
7795
7797
7746
7798
7798
7799
7800
7801
7757
7780
7802
7751
7803
7804
7805
7806
7807
7808
7809
7810
7811
7812
7813
7814
7813
7815
7816
7817
7811
7766
7814
7817
7818
7767
7819
7766
7820
7774
7816
7821
7822
7823
7770
7824
7825
7826
7827
7828
7787
7828
7829
7830
7775
7782
7831
7832
7833
7834
7835
7777
7836
7837
7779
7838
7836
7839
7781
7840
7815
7841
7842
7843
7843
7786
7844
7845
7845
7846
7847
7848
7800
7849
7840
7850
7851
7809
7851
7795
7852
7853
7794
7800
7854
7854
7855
7856
7799
7857
7797
7856
7797
7858
7859
7860
7861
7862
7863
7830
7849
7860
7855
7863
7864
7838
7865
7866
7867
7839
7868
7810
7869
7808
7858
7869
7853
7870
7871
7814
7872
7815
7864
7873
7874
7875
7832
7876
7832
7834
7867
7877
7831
7878
7879
7827
7880
7881
7822
7882
7883
7881
7884
7825
7844
7879
7826
7885
7886
7887
7888
7830
7848
7889
7890
7885
7891
7863
7864
7892
7847
7893
7894
7835
7883
7895
7896
7897
7896
7898
7899
7842
7900
7901
7902
7902
7903
7855
7904
7875
7905
7906
7907
7847
7906
7908
7909
7909
7910
7910
7911
7912
7913
7862
7885
7857
7914
7856
7915
7916
7858
7917
7863
7916
7918
7919
7916
7920
7919
7862
7920
7921
7922
7923
7924
7868
7925
7925
7926
7927
7928
7871
7929
7930
7931
7874
7932
7933
7874
7923
7934
7884
7934
7882
7935
7880
7893
7936
7909
7936
7937
7938
7939
7940
7941
7942
7940
7943
7939
7941
7944
7888
7913
7945
7890
7946
7947
7908
7947
7891
7948
7949
7937
7950
7892
7951
7952
7953
7898
7954
7895
7935
7955
7935
7956
7907
7957
7958
7938
7959
7900
7960
7961
7962
7963
7962
7964
7924
7965
7927
7961
7966
7905
7918
7967
7968
7963
7969
7913
7970
7971
7972
7912
7973
7974
7967
7975
7976
7920
7931
7917
7977
7978
7979
7980
7981
7919
7982
7983
7984
7922
7985
7986
7944
7987
7953
7988
7958
7989
7990
7990
7991
7930
7993
7981
7994
7995
7996
7994
7941
7934
7997
7946
7998
7946
7999
7940
8000
7948
8001
8002
8003
7943
7955
8002
7945
7951
8004
8005
8006
8004
8007
7953
8008
7950
8009
8010
8011
8012
8009
8013
7979
8013
8014
8015
7959
7975
8016
7957
8017
8018
8019
8020
8020
8021
8018
8022
8023
8024
7991
8024
8023
8021
7968
7966
8025
8026
8027
7969
8028
8028
8029
7971
8030
8031
7972
8032
8033
8028
8033
8034
8029
8034
8031
8035
7979
8036
8037
7983
8038
7984
8036
8039
7988
7985
8040
8013
8041
8042
8043
8005
8042
8044
8045
8046
8021
7993
8047
8040
8048
7996
8039
8049
8050
8051
8052
8006
8016
8032
8053
8054
8055
8022
8054
8056
8003
8057
8058
8056
8058
8011
8059
8035
8060
8053
8061
8030
8059
8061
8015
8057
8062
8011
8063
8062
8064
8065
8066
8055
8064
8067
8063
8037
8068
8069
8044
8068
8034
8070
8052
8072
8073
8019
8074
8029
8045
8074
8075
8026
8027
8076
8046
8077
8078
8079
8033
8078
8080
8040
8081
8038
8082
8083
8084
8085
8086
8041
8043
8087
8088
8089
8090
8091
8073
8050
8049
8090
8092
8093
8094
8095
8092
8095
8096
8070
8097
8075
8098
8099
8100
8071
8101
8102
8103
8060
8066
8104
8105
8078
8097
8106
8107
8069
8108
8109
8110
8069
8107
8111
8067
8112
8100
8113
8091
8107
8114
8075
8096
8074
8096
8079
8105
8080
8105
8082
8087
8115
8114
8116
8091
8117
8118
8115
8119
8120
8108
8121
8104
8122
8121
8122
8123
8124
8125
8119
8124
8126
8127
8128
8100
8099
8101
8110
8129
8103
8106
8129
8130
8131
8131
8132
8133
8114
8134
8111
8135
8136
8132
8137
8114
8138
8113
8130
8134
8136
8139
8140
8117
8138
8140
8141
8142
8120
8143
8139
8144
8145
8146
8134
8147
8130
8148
8124
8147
8149
8150
8126
8151
8152
8153
8154
8151
8154
8132
8155
8141
8136
8138
8156
8157
8158
8155
8156
8141
8147
8159
8145
8160
8161
8145
8162
8146
8152
8163
8164
8162
8165
8166
8149
8150
8153
8167
8167
8168
8169
8161
8170
8158
8160
8170
8166
8160
8163
8166
8164
8168
8165
8165
8171
8168
8171
)


// ************************************************************************* //
