/*--------------------------------*- C++ -*----------------------------------*\
| =========                 |                                                 |
| \\      /  F ield         | OpenFOAM: The Open Source CFD Toolbox           |
|  \\    /   O peration     | Version:  2412                                  |
|   \\  /    A nd           | Website:  www.openfoam.com                      |
|    \\/     M anipulation  |                                                 |
\*---------------------------------------------------------------------------*/
FoamFile
{
    version     2.0;
    format      ascii;
    arch        "LSB;label=32;scalar=64";
    class       labelList;
    location    "constant/polyMesh";
    object      pointProcAddressing;
}
// * * * * * * * * * * * * * * * * * * * * * * * * * * * * * * * * * * * * * //


2262
(
0
1
2
3
4
5
6
7
26
27
28
29
30
31
32
33
34
35
36
37
56
57
58
59
60
61
62
63
64
65
66
67
68
69
70
71
72
73
74
75
76
77
78
79
80
81
82
83
84
85
86
87
88
89
90
91
92
93
94
95
96
97
98
99
100
101
102
103
104
105
106
107
108
109
110
111
112
113
114
115
130
131
132
133
134
135
136
147
148
149
151
153
155
161
163
167
168
169
180
181
182
183
184
185
195
196
197
198
212
213
214
215
216
217
218
226
227
228
229
234
238
239
240
241
242
262
263
264
265
266
267
268
269
270
271
272
273
274
275
276
277
278
279
280
281
282
283
284
285
286
287
288
289
290
291
292
293
294
295
305
306
307
308
309
310
311
312
313
314
315
316
317
318
319
320
321
322
323
324
325
326
327
328
329
330
331
332
333
334
335
336
337
338
339
340
341
342
343
344
345
346
347
348
349
350
351
352
353
354
355
356
357
358
359
360
361
362
363
364
365
366
367
368
369
370
371
372
373
374
375
376
377
378
380
381
391
392
393
394
395
396
397
416
417
418
419
420
421
422
423
424
425
427
428
429
430
431
432
433
434
435
436
437
438
439
440
441
442
443
444
445
446
448
450
452
453
455
462
463
464
465
466
467
468
469
470
471
472
473
474
475
476
477
478
479
480
481
482
483
484
485
486
487
488
489
490
491
492
493
494
495
496
497
498
499
500
501
502
503
504
505
506
507
508
509
510
511
512
513
515
516
517
518
519
520
521
522
523
524
525
526
527
528
529
530
537
538
539
540
541
561
562
563
564
565
566
568
570
571
572
573
574
575
576
577
578
579
580
581
582
583
584
586
587
588
589
590
591
595
602
604
605
606
607
608
609
610
611
612
613
614
615
616
617
618
619
620
621
622
623
624
625
626
627
628
629
630
631
632
633
634
635
636
637
638
639
640
641
642
643
644
645
646
647
648
649
650
651
652
653
654
657
658
659
660
661
662
663
664
665
666
667
668
669
670
671
673
674
678
679
680
681
700
701
702
703
705
706
707
709
710
713
714
715
716
717
718
719
720
721
723
724
725
728
729
730
731
733
735
737
739
740
744
745
746
747
748
749
750
751
752
753
754
755
756
757
758
759
760
761
762
763
764
765
766
767
768
769
770
771
772
773
774
775
776
777
778
779
780
781
782
783
784
785
786
787
788
789
790
791
792
793
794
797
798
800
801
802
803
805
806
807
808
809
810
811
812
813
814
815
834
835
837
838
839
840
841
842
843
844
845
846
847
849
850
851
852
853
856
858
860
863
864
866
868
869
873
874
875
876
877
878
880
881
882
883
884
885
886
887
888
889
890
891
892
893
894
895
896
897
898
899
900
901
902
903
904
905
906
907
908
909
910
911
912
913
914
915
916
917
918
919
920
921
926
927
928
929
930
931
932
933
935
936
938
939
940
941
942
959
960
961
962
964
965
967
968
969
972
973
974
975
976
977
979
981
984
987
988
989
990
993
995
996
997
998
1000
1001
1002
1003
1004
1005
1006
1007
1008
1009
1010
1011
1012
1013
1014
1015
1016
1017
1018
1019
1020
1021
1022
1023
1024
1025
1026
1027
1028
1029
1030
1031
1032
1033
1034
1035
1036
1037
1038
1039
1043
1045
1046
1047
1048
1049
1050
1051
1052
1053
1054
1055
1057
1058
1059
1076
1077
1078
1079
1081
1085
1087
1089
1093
1094
1095
1097
1098
1099
1101
1102
1105
1106
1107
1108
1110
1112
1113
1114
1115
1116
1117
1118
1119
1120
1121
1122
1123
1124
1125
1126
1127
1128
1129
1130
1131
1132
1133
1134
1135
1136
1137
1138
1139
1140
1141
1142
1143
1144
1145
1146
1147
1148
1149
1152
1153
1156
1157
1158
1159
1161
1162
1164
1165
1166
1168
1169
1170
1171
1195
1196
1262
1265
1269
1277
1367
1987
1988
1993
1994
1995
1997
1998
1999
2000
2001
2003
2004
2048
2049
2052
2053
2054
2055
2056
2057
2058
2059
2060
2061
2062
2063
2064
2068
2069
2071
2072
2073
2074
2075
2076
2077
2078
2079
2080
2081
2082
2083
2084
2085
2086
2089
2093
2094
2095
2096
2097
2098
2099
2102
2104
2105
2108
2109
2110
2111
2112
2113
2114
2115
2129
2130
2131
2132
2137
2138
2139
2140
2141
2142
2143
2144
2145
2149
2152
2153
2154
2155
2156
2157
2158
2159
2160
2161
2162
2163
2175
2176
2178
2180
2181
2183
2185
2186
2187
2188
2189
2190
2191
2192
2193
2194
2195
2196
2197
2198
2199
2209
2211
2212
2213
2214
2215
2216
2217
2218
2219
2220
2228
2229
2231
2232
2233
2234
2235
2236
2237
2238
2239
2240
2250
2251
2252
2258
2259
2261
2262
2263
2264
2265
2266
2267
2268
2269
2270
2271
2272
2273
2274
2275
2276
2282
2285
2286
2287
2288
2289
2290
2291
2292
2293
2294
2296
2297
2298
2299
2302
2303
2304
2305
2306
2316
2318
2319
2320
2321
2322
2331
2332
2333
2334
2335
2337
2338
2339
2340
2341
2342
2343
2344
2345
2346
2347
2348
2349
2350
2351
2352
2362
2363
2364
2365
2366
2367
2368
2369
2371
2372
2373
2374
2375
2377
2378
2379
2380
2381
2391
2392
2393
2394
2395
2396
2402
2404
2406
2408
2410
2411
2412
2413
2414
2415
2416
2417
2418
2419
2420
2421
2422
2423
2436
2440
2441
2443
2444
2445
2446
2447
2448
2449
2450
2451
2452
2453
2454
2455
2456
2457
2458
2459
2460
2461
2462
2463
2467
2468
2469
2470
2482
2483
2486
2488
2489
2490
2491
2492
2493
2494
2495
2496
2497
2498
2499
2500
2501
2502
2517
2519
2520
2521
2524
2525
2526
2527
2528
2529
2530
2531
2532
2533
2534
2535
2536
2537
2538
2539
2540
2541
2543
2545
2546
2547
2548
2553
2554
2555
2557
2558
2559
2560
2561
2571
2572
2573
2576
2577
2578
2579
2580
2581
2582
2584
2593
2594
2595
2596
2597
2598
2599
2600
2601
2602
2603
2604
2613
2614
2616
2618
2620
2621
2622
2623
2624
2625
2626
2627
2628
2629
2630
2631
2632
2633
2634
2635
2636
2639
2640
2641
2642
2643
2644
2655
2660
2661
2662
2663
2664
2665
2666
2667
2668
2669
2678
2679
2680
2681
2682
2683
2684
2685
2686
2687
2688
2689
2690
2691
2692
2693
2694
2695
2701
2703
2729
2735
2736
2737
2738
2800
2833
3009
3141
3142
3143
3144
3145
3146
3147
3148
3149
3150
3151
3152
3155
3156
3157
3158
3159
3160
3161
3162
3163
3164
3165
3166
3167
3168
3169
3170
3171
3172
3173
3174
3175
3176
3177
3178
3179
3180
3181
3182
3183
3184
3185
3186
3187
3241
3246
3252
3253
3269
3282
3284
3286
3287
3288
3289
3290
3291
3293
3294
3295
3296
3297
3299
3300
3301
3302
3303
3305
3307
3309
3310
3315
3319
3321
3323
3327
3330
3331
3333
3334
3335
3336
3337
3338
3339
3340
3341
3342
3344
3345
3347
3348
3349
3350
3351
3352
3372
3373
3378
3379
3380
3381
3382
3383
3384
3385
3386
3387
3388
3389
3390
3391
3392
3393
3394
3395
3396
3398
3399
3400
3433
3434
3435
3436
3438
3439
3441
3443
3445
3447
3449
3451
3452
3453
3455
3457
3459
3461
3463
3464
3465
3468
3470
3473
3494
3497
3502
3503
3506
3518
3519
3530
3532
3538
3540
3541
3544
3545
3546
3547
3548
3549
3550
3551
3552
3553
3554
3555
3556
3557
3558
3559
3560
3561
3563
3564
3565
3566
3568
3569
3570
3572
3573
3574
3575
3576
3579
3581
3582
3583
3610
3611
3612
3613
3614
3615
3616
3617
3618
3619
3620
3621
3622
3623
3624
3672
3673
3674
3675
3676
3677
3678
3679
3680
3681
3682
3683
3684
3685
3686
3687
3688
3689
3690
3691
3692
3715
3716
3717
3718
3719
3720
3721
3722
3723
3724
3725
3726
3727
3728
3729
3730
3731
3732
3733
3734
3752
3753
3763
3765
3766
3767
3768
3769
3770
3771
3772
3773
3774
3775
3776
3777
3778
3779
3780
3781
3782
3783
3784
3785
3788
3789
3790
3791
3792
3793
3794
3795
3796
3797
3798
3799
3800
3801
3802
3803
3804
3805
3806
3807
3808
3809
3810
3813
3814
3815
3822
3826
3830
3831
3834
3835
3851
3852
3853
3854
3855
3856
3857
3858
3859
3860
3864
3869
3871
3877
3878
3879
3881
3887
3888
3889
3892
3895
3896
3897
3898
3899
3901
3902
3903
3904
3905
3906
3907
3908
3909
3910
3911
3915
3916
3917
3918
3919
3971
3972
3976
3977
3978
3979
3980
3981
3982
3983
3988
3989
3990
3999
4000
4001
4002
4003
4008
4009
4010
4011
4012
4013
4014
4015
4017
4018
4019
4024
4025
4026
4027
4028
4029
4030
4031
4032
4034
4039
4040
4041
4042
4043
4174
4178
4179
4185
4186
4187
4188
4189
4190
4191
4192
4193
4194
4195
4196
4197
4200
4201
4202
4203
4204
4205
4206
4207
4217
4221
4222
4223
4224
4225
4226
4227
4228
4229
4230
4231
4232
4233
4234
4235
4236
4237
4238
4239
4240
4241
4242
4243
4254
4256
4265
4278
4279
4280
4281
4282
4283
4289
4291
4292
4293
4294
4295
4296
4298
4299
4300
4301
4312
4313
4314
4315
4316
4317
4318
4319
4320
4343
4348
4349
4351
4362
4363
4364
4365
4366
4367
4368
4369
4370
4371
4372
4373
4374
4379
4380
4382
4383
4384
4393
4409
4416
4417
4418
4419
4420
4421
4422
4423
4424
4425
4426
4427
4428
4429
4430
4431
4432
4433
4434
4514
4522
4523
4531
4537
4538
4544
4549
4550
4551
4552
4553
4554
4555
4556
4557
4558
4559
4560
4561
4562
4563
4564
4565
4566
4567
4568
4569
4570
4571
4572
4573
4574
4575
4576
4577
4578
4579
4580
4581
4582
4583
4584
4624
4631
4632
4633
4634
4635
4636
4637
4638
4639
4640
4641
4660
4661
4662
4675
4677
4678
4679
4680
4681
4682
4739
4740
4749
4754
4761
4766
4770
4771
4774
4775
4776
4777
4778
4782
4783
4784
4785
4786
4787
4788
4789
4790
4791
4792
4793
4794
4795
4796
4797
4798
4799
4800
4810
4811
4812
4813
4814
4815
4816
4817
4818
4819
4820
4821
4822
4823
4824
4828
4829
4831
4832
4833
4834
4835
4836
4842
4846
4847
4848
4849
4850
4851
4852
4853
4854
4855
4856
4857
4858
4859
4860
4861
4862
4863
4864
4865
4866
4867
4881
4883
4884
4885
4886
4887
4888
4889
4890
4891
4892
4942
4956
4958
4959
4960
4961
4962
4966
4967
4968
4969
4970
4971
4972
4973
4974
4975
4976
4977
4978
4985
4986
4988
4989
4990
4992
4993
4994
4995
5031
5032
5037
5038
5039
5040
5041
5042
5043
5044
5045
5048
5051
5052
5053
5054
5055
5056
5057
5058
5059
5060
5061
5062
5063
5064
5065
5066
5067
5068
5069
5081
5082
5090
5091
5092
5093
5094
5095
5096
5097
5098
5099
5100
5101
5102
5132
5133
5145
5146
5148
5149
5150
5151
5152
5153
5193
5194
5200
5201
5202
5210
5212
5213
5219
5220
5221
5222
5223
5224
5225
5226
5227
5228
5229
5230
5231
5232
5233
5238
5239
5240
5241
5242
5243
5244
5245
5246
5247
5248
5249
5250
5251
5252
5253
5254
5255
5256
5257
5258
5259
5260
5261
5262
5263
5264
5276
5284
5285
5286
5287
5288
5289
5290
5291
5292
5293
5294
5295
5296
5297
5341
5349
5361
5362
5363
5368
5369
5370
5371
5372
5373
5374
5375
5376
5377
5378
5379
5384
5385
5386
5387
5388
5389
5390
5391
5392
5393
5394
5395
5396
5397
5398
5399
5400
5401
5402
5403
5473
5474
5475
5480
5481
5499
5504
5506
5507
5508
5509
5510
5511
5512
5513
5514
5515
5516
5517
5518
5519
5520
5521
5522
5523
5524
5525
5526
5527
5535
5544
5545
5546
5553
5554
5555
5556
5557
5558
5559
5560
5561
5562
5563
5564
5565
5571
5572
5573
5574
5575
5576
5577
5578
5579
5580
5581
5582
5583
5584
5585
5586
5588
5589
5598
5599
5600
5601
5602
5603
5604
5605
5606
5607
5608
5609
5610
5621
5622
5629
5630
5631
5632
5633
5634
5635
5636
5638
5653
5654
5670
5671
5672
5673
5674
5675
5676
5677
5678
5679
5680
5681
5682
5683
5684
5685
5715
5722
5726
5736
5739
5745
5746
5747
5748
5749
5750
5751
5752
5753
5754
5755
5756
5757
5758
5759
5760
5761
5762
5763
5764
5765
5766
5767
5768
5769
5770
5771
5772
5773
5774
5775
5776
5777
5779
5780
5786
5787
5788
5789
5790
5791
5792
5793
5794
5795
5796
5797
5798
5799
5825
5826
5830
5831
5838
5848
5849
5850
5851
5852
5853
5854
5855
5856
5857
5858
5902
5903
5909
5918
5922
5925
5926
5927
5928
5929
5930
5931
5932
5933
5934
5935
5936
5937
5938
5939
)


// ************************************************************************* //
