/*--------------------------------*- C++ -*----------------------------------*\
| =========                 |                                                 |
| \\      /  F ield         | OpenFOAM: The Open Source CFD Toolbox           |
|  \\    /   O peration     | Version:  2412                                  |
|   \\  /    A nd           | Website:  www.openfoam.com                      |
|    \\/     M anipulation  |                                                 |
\*---------------------------------------------------------------------------*/
FoamFile
{
    version     2.0;
    format      ascii;
    arch        "LSB;label=32;scalar=64";
    class       labelList;
    location    "constant/polyMesh";
    object      cellProcAddressing;
}
// * * * * * * * * * * * * * * * * * * * * * * * * * * * * * * * * * * * * * //


8173
(
550
553
632
658
659
674
675
677
678
680
687
688
775
776
797
798
801
802
809
818
819
820
821
822
823
824
825
826
827
828
829
834
838
839
841
842
865
931
932
959
960
961
963
964
965
966
968
969
970
974
976
977
978
986
987
988
989
990
991
992
993
994
995
996
997
998
999
1000
1001
1002
1003
1004
1005
1008
1009
1010
1012
1013
1041
1043
1044
1111
1113
1114
1140
1141
1142
1143
1144
1145
1146
1147
1148
1149
1150
1151
1155
1156
1157
1160
1161
1172
1173
1174
1175
1176
1177
1178
1179
1180
1181
1182
1183
1184
1185
1186
1187
1188
1189
1190
1191
1192
1193
1195
1196
1198
1199
1200
1201
1202
1203
1204
1229
1233
1234
1239
1241
1300
1305
1306
1307
1308
1309
1310
1341
1342
1343
1344
1345
1346
1347
1348
1349
1350
1351
1352
1353
1354
1355
1356
1357
1358
1360
1361
1362
1367
1372
1374
1376
1377
1378
1379
1380
1381
1382
1383
1384
1385
1386
1387
1388
1389
1390
1391
1392
1393
1394
1395
1396
1397
1398
1399
1401
1402
1403
1404
1406
1407
1408
1409
1410
1411
1412
1439
1440
1442
1444
1448
1449
1451
1506
1508
1512
1513
1514
1515
1516
1517
1551
1552
1553
1554
1555
1556
1559
1560
1561
1562
1563
1564
1565
1566
1567
1568
1569
1570
1571
1572
1573
1574
1575
1576
1577
1579
1582
1592
1595
1596
1597
1598
1600
1601
1602
1603
1604
1605
1606
1607
1608
1609
1610
1611
1612
1613
1614
1615
1616
1617
1618
1619
1620
1624
1625
1626
1627
1628
1629
1630
1631
1632
1662
1663
1664
1665
1667
1668
1669
1670
1672
1675
1676
1728
1729
1730
1734
1735
1736
1737
1738
1773
1775
1776
1777
1778
1780
1782
1783
1784
1785
1786
1788
1789
1790
1791
1792
1793
1794
1795
1796
1797
1799
1802
1817
1819
1820
1821
1822
1823
1824
1825
1826
1827
1828
1829
1830
1831
1832
1833
1834
1835
1836
1837
1838
1839
1844
1845
1846
1848
1849
1851
1852
1884
1887
1888
1889
1890
1891
1892
1893
1894
1896
1897
1899
1900
1908
1915
1944
1950
1951
1952
1953
1955
1956
1957
1958
1969
2008
2009
2012
2015
2016
2017
2018
2021
2022
2023
2024
2025
2026
2027
2028
2029
2030
2031
2033
2055
2058
2059
2061
2062
2063
2064
2065
2066
2067
2069
2070
2071
2072
2073
2074
2075
2076
2077
2078
2079
2086
2090
2091
2093
2094
2122
2123
2125
2126
2127
2128
2129
2130
2131
2132
2133
2134
2135
2138
2139
2141
2142
2148
2153
2154
2155
2182
2187
2188
2189
2190
2191
2192
2194
2195
2196
2197
2202
2206
2208
2210
2211
2248
2249
2250
2251
2252
2253
2257
2258
2259
2260
2261
2262
2263
2264
2265
2266
2285
2295
2296
2297
2298
2299
2301
2302
2303
2304
2305
2309
2310
2311
2312
2313
2322
2324
2329
2358
2359
2361
2362
2363
2364
2365
2366
2367
2368
2369
2370
2371
2372
2373
2374
2375
2376
2377
2379
2380
2381
2383
2388
2392
2393
2394
2395
2398
2399
2425
2426
2429
2430
2431
2432
2435
2436
2442
2443
2449
2451
2452
2453
2455
2494
2496
2497
2504
2505
2506
2507
2508
2509
2510
2546
2548
2549
2551
2552
2553
2562
2563
2564
2577
2578
2617
2621
2622
2624
2625
2626
2627
2628
2629
2630
2631
2632
2633
2634
2635
2636
2637
2638
2639
2640
2641
2642
2643
2644
2645
2646
2647
2651
2652
2653
2657
2658
2659
2660
2662
2664
2692
2693
2696
2699
2706
2707
2708
2709
2712
2713
2716
2717
2718
2720
2770
2772
2773
2778
2779
2780
2781
2782
2783
2816
2819
2821
2823
2824
2825
2836
2837
2838
2839
2841
2856
2897
2898
2899
2903
2904
2906
2907
2908
2909
2910
2911
2912
2913
2914
2915
2916
2917
2919
2920
2922
2924
2925
2927
2928
2934
2935
2936
2937
2938
2939
2940
2941
2942
2970
2971
2980
2981
2982
2983
2984
2986
2987
2990
2991
2992
2993
2994
2995
3042
3043
3044
3053
3087
3090
3094
3095
3096
3097
3110
3113
3125
3170
3171
3172
3173
3174
3175
3179
3180
3181
3182
3183
3184
3185
3186
3187
3188
3189
3190
3191
3194
3195
3196
3197
3198
3199
3200
3201
3202
3203
3208
3209
3210
3211
3212
3213
3214
3215
3216
3217
3218
3219
3223
3244
3245
3249
3250
3251
3252
3253
3254
3255
3256
3257
3258
3259
3260
3263
3264
3265
3266
3267
3268
3327
3328
3370
3374
3376
3378
3391
3393
3408
3458
3459
3460
3461
3462
3463
3466
3467
3468
3469
3470
3471
3472
3473
3474
3475
3479
3480
3481
3482
3483
3484
3485
3486
3487
3488
3492
3493
3494
3495
3496
3497
3498
3499
3500
3501
3502
3503
3505
3506
3507
3515
3528
3529
3531
3532
3533
3534
3535
3536
3537
3538
3539
3540
3541
3542
3543
3544
3545
3546
3552
3553
3554
3555
3559
3667
3685
3689
3696
3748
3749
3750
3752
3753
3754
3755
3756
3757
3759
3760
3761
3762
3763
3764
3765
3766
3768
3772
3773
3774
3775
3776
3777
3778
3779
3780
3783
3784
3785
3786
3787
3788
3789
3790
3791
3792
3793
3794
3795
3796
3797
3798
3801
3804
3817
3819
3821
3822
3823
3824
3825
3826
3827
3828
3829
3830
3831
3832
3834
3835
3836
3838
3841
3842
3846
3847
3891
3934
3958
4023
4024
4025
4026
4028
4029
4030
4031
4032
4033
4036
4037
4040
4041
4042
4043
4044
4049
4050
4051
4052
4053
4054
4055
4056
4057
4058
4059
4060
4061
4062
4063
4064
4065
4066
4067
4068
4069
4070
4071
4072
4073
4075
4078
4091
4092
4095
4096
4098
4099
4100
4101
4102
4103
4104
4105
4107
4110
4111
4113
4114
4117
4118
4123
4124
4125
4170
4227
4286
4287
4288
4289
4290
4292
4293
4294
4300
4301
4305
4306
4307
4308
4309
4311
4312
4313
4315
4316
4318
4319
4320
4321
4322
4323
4325
4326
4327
4328
4329
4330
4332
4333
4345
4346
4347
4348
4349
4350
4351
4352
4354
4355
4357
4358
4359
4360
4361
4362
4369
4370
4378
4379
4380
4471
4488
4528
4529
4530
4531
4532
4533
4534
4535
4536
4540
4541
4544
4545
4546
4549
4550
4551
4552
4553
4558
4559
4560
4561
4562
4563
4566
4567
4568
4569
4570
4571
4572
4573
4574
4575
4590
4591
4592
4593
4594
4595
4597
4598
4601
4602
4603
4604
4605
4606
4612
4613
4621
4622
4623
4624
4730
4760
4772
4773
4774
4775
4776
4777
4778
4779
4780
4781
4782
4783
4788
4791
4792
4795
4796
4797
4798
4805
4807
4810
4812
4813
4814
4815
4816
4817
4818
4819
4820
4821
4822
4823
4824
4833
4834
4836
4841
4842
4843
4844
4845
4846
4849
4856
4857
4862
4863
4865
4866
4873
4874
4875
4876
4877
4878
4980
4982
4993
4994
4995
4996
5025
5026
5027
5028
5029
5030
5031
5032
5033
5034
5035
5036
5037
5038
5043
5044
5048
5049
5050
5057
5058
5063
5064
5065
5066
5067
5068
5069
5070
5071
5072
5073
5074
5076
5083
5084
5085
5086
5090
5091
5092
5094
5095
5096
5097
5098
5105
5106
5110
5111
5112
5113
5121
5122
5123
5124
5125
5126
5224
5234
5235
5237
5238
5239
5240
5268
5269
5270
5271
5272
5273
5274
5275
5276
5277
5278
5279
5280
5281
5282
5283
5286
5290
5301
5302
5303
5305
5306
5307
5308
5309
5310
5311
5312
5313
5314
5315
5317
5320
5327
5328
5329
5330
5331
5333
5334
5337
5339
5340
5349
5353
5354
5355
5356
5358
5365
5366
5367
5368
5369
5370
5371
5471
5480
5481
5482
5483
5485
5486
5516
5517
5518
5519
5520
5521
5522
5523
5524
5525
5526
5527
5528
5529
5530
5547
5548
5549
5550
5551
5552
5553
5554
5555
5556
5559
5560
5561
5562
5563
5564
5565
5568
5577
5578
5579
5580
5581
5583
5584
5585
5589
5591
5592
5599
5604
5605
5608
5612
5613
5617
5618
5619
5620
5669
5710
5713
5714
5716
5720
5721
5722
5723
5724
5725
5728
5729
5734
5760
5761
5762
5763
5764
5765
5766
5768
5769
5772
5785
5786
5787
5788
5789
5790
5791
5794
5795
5796
5797
5798
5799
5800
5801
5802
5807
5815
5816
5817
5819
5822
5829
5834
5835
5836
5838
5839
5842
5843
5844
5847
5848
5849
5850
5937
5940
5941
5943
5944
5948
5949
5950
5951
5952
5953
5955
5962
5990
5991
5992
5993
5995
5998
5999
6013
6015
6017
6018
6019
6020
6023
6024
6025
6026
6027
6028
6029
6030
6031
6032
6033
6034
6035
6036
6048
6049
6051
6055
6066
6067
6068
6071
6072
6073
6077
6078
6079
6082
6083
6084
6141
6169
6172
6173
6174
6176
6177
6178
6181
6182
6183
6184
6185
6186
6187
6188
6189
6190
6191
6224
6225
6226
6227
6228
6232
6235
6236
6251
6253
6254
6255
6259
6260
6261
6262
6263
6264
6265
6266
6267
6268
6269
6270
6271
6272
6273
6274
6285
6287
6292
6301
6302
6303
6306
6308
6309
6310
6311
6312
6313
6314
6316
6317
6318
6400
6403
6404
6406
6407
6408
6411
6412
6413
6414
6415
6416
6417
6418
6419
6455
6456
6457
6458
6459
6466
6481
6483
6484
6486
6487
6490
6491
6493
6494
6495
6496
6497
6498
6499
6500
6501
6502
6503
6504
6505
6506
6507
6523
6535
6539
6540
6541
6542
6545
6546
6547
6548
6549
6550
6551
6552
6553
6570
6634
6638
6639
6640
6641
6642
6644
6645
6646
6647
6648
6649
6650
6651
6652
6653
6654
6691
6692
6693
6694
6695
6700
6702
6720
6722
6726
6730
6731
6732
6733
6734
6735
6736
6737
6738
6739
6740
6741
6742
6743
6744
6748
6756
6757
6759
6760
6775
6776
6777
6778
6779
6781
6782
6783
6784
6785
6786
6787
6788
6790
6806
6807
6809
6874
6877
6878
6879
6880
6881
6882
6883
6884
6885
6886
6888
6889
6890
6927
6928
6929
6954
6955
6960
6965
6966
6967
6968
6969
6970
6973
6974
6975
6976
6977
6978
6979
6980
6981
6982
6995
6996
6997
6998
7012
7013
7014
7015
7016
7017
7018
7019
7020
7021
7022
7023
7024
7025
7026
7027
7028
7030
7046
7048
7094
7095
7117
7120
7122
7123
7124
7125
7126
7127
7129
7130
7131
7132
7168
7194
7198
7199
7200
7201
7202
7204
7205
7206
7207
7208
7209
7210
7211
7212
7214
7218
7228
7229
7230
7231
7234
7245
7246
7247
7248
7249
7250
7251
7252
7253
7254
7255
7256
7257
7273
7275
7276
7277
7325
7326
7327
7328
7329
7331
7351
7352
7353
7354
7355
7356
7357
7358
7361
7362
7363
7411
7415
7416
7417
7418
7419
7420
7422
7423
7424
7425
7426
7427
7429
7430
7431
7438
7442
7448
7449
7450
7464
7465
7466
7467
7468
7469
7470
7471
7472
7473
7474
7490
7491
7492
7494
7495
7496
7548
7549
7550
7551
7552
7553
7554
7555
7556
7577
7578
7579
7580
7581
7582
7583
7584
7588
7589
7590
7591
7646
7647
7648
7649
7650
7652
7653
7654
7655
7656
7657
7658
7659
7669
7673
7678
7680
7681
7682
7683
7684
7685
7701
7703
7704
7705
7706
7707
7708
7709
7710
7727
7728
7729
7730
7731
7732
7733
7775
7776
7785
7789
7790
7791
7792
7793
7794
7795
7815
7817
7818
7819
7820
7821
7822
7823
7826
7827
7829
7881
7883
7884
7885
7886
7888
7889
7890
7891
7892
7894
7895
7896
7897
7904
7906
7910
7913
7915
7916
7917
7918
7919
7920
7932
7934
7935
7936
7937
7938
7939
7940
7942
7943
7958
7959
7960
7961
7962
7963
7964
8006
8007
8013
8017
8018
8022
8023
8025
8026
8027
8028
8046
8047
8049
8050
8051
8054
8056
8110
8112
8113
8114
8115
8117
8118
8119
8120
8121
8122
8123
8124
8125
8134
8135
8136
8140
8141
8142
8145
8147
8148
8149
8150
8151
8152
8153
8164
8167
8168
8169
8171
8173
8174
8188
8189
8190
8191
8192
8193
8239
8240
8241
8248
8250
8251
8253
8254
8259
8260
8261
8262
8263
8264
8265
8266
8286
8287
8288
8289
8290
8291
8294
8347
8348
8349
8350
8353
8354
8355
8356
8357
8358
8360
8361
8362
8369
8370
8371
8375
8376
8377
8378
8381
8382
8384
8385
8386
8387
8401
8404
8405
8407
8408
8409
8413
8414
8426
8427
8428
8429
8430
8480
8481
8482
8490
8492
8493
8495
8496
8497
8501
8502
8503
8504
8505
8506
8507
8508
8528
8529
8530
8532
8581
8588
8589
8590
8592
8593
8594
8595
8596
8597
8599
8600
8601
8602
8603
8610
8611
8614
8615
8616
8617
8618
8621
8622
8624
8625
8626
8627
8628
8644
8645
8646
8647
8648
8652
8653
8658
8661
8662
8663
8664
8720
8721
8722
8732
8733
8734
8737
8738
8739
8742
8743
8744
8745
8746
8751
8752
8753
8754
8755
8777
8779
8780
8802
8804
8833
8840
8843
8844
8845
8846
8847
8848
8849
8850
8852
8853
8859
8860
8862
8864
8865
8866
8867
8868
8871
8873
8874
8875
8876
8894
8897
8898
8899
8904
8910
8911
8912
8913
8914
8971
8972
8973
8979
8980
8981
8982
8987
8989
8990
8991
8992
8995
8996
8997
8998
8999
9000
9001
9002
9004
9007
9029
9052
9055
9083
9088
9092
9093
9094
9095
9096
9097
9100
9101
9102
9107
9108
9109
9110
9111
9112
9113
9114
9115
9116
9117
9118
9121
9122
9123
9145
9151
9155
9156
9157
9158
9210
9211
9212
9218
9219
9220
9221
9224
9226
9227
9229
9230
9231
9232
9234
9235
9236
9237
9238
9239
9240
9241
9244
9286
9288
9291
9292
9293
9295
9326
9332
9337
9338
9339
9340
9341
9342
9345
9346
9351
9352
9354
9355
9356
9357
9358
9359
9360
9361
9365
9366
9390
9392
9393
9394
9449
9451
9452
9457
9458
9459
9462
9465
9466
9467
9468
9469
9470
9471
9472
9473
9474
9476
9477
9478
9480
9481
9482
9483
9484
9486
9525
9527
9528
9531
9532
9562
9568
9574
9576
9577
9578
9579
9580
9581
9583
9584
9591
9592
9594
9596
9597
9598
9599
9600
9601
9602
9603
9604
9607
9608
9609
9610
9634
9635
9693
9694
9695
9696
9702
9703
9706
9708
9709
9710
9711
9712
9714
9715
9716
9717
9718
9720
9723
9724
9725
9726
9727
9728
9730
9759
9760
9761
9763
9765
9766
9768
9770
9800
9806
9811
9815
9819
9820
9821
9822
9823
9824
9835
9836
9837
9838
9839
9840
9841
9842
9843
9844
9845
9846
9850
9851
9852
9853
9854
9865
9876
9936
9937
9938
9945
9946
9949
9950
9951
9952
9953
9954
9955
9956
9957
9958
9959
9960
9963
9967
9968
9969
9970
9971
9972
9974
9998
9999
10000
10002
10004
10005
10047
10051
10053
10055
10056
10058
10059
10060
10073
10074
10075
10076
10077
10079
10080
10081
10082
10083
10084
10085
10089
10090
10091
10092
10093
10175
10176
10177
10183
10186
10187
10188
10189
10190
10191
10192
10193
10194
10195
10196
10197
10198
10199
10200
10206
10207
10208
10209
10210
10211
10212
10213
10214
10239
10240
10242
10243
10245
10246
10284
10291
10293
10294
10295
10307
10308
10309
10310
10312
10313
10314
10315
10316
10317
10318
10319
10321
10322
10323
10324
10325
10397
10399
10401
10407
10410
10411
10413
10414
10415
10416
10417
10418
10419
10420
10421
10422
10423
10424
10426
10427
10433
10436
10437
10438
10439
10440
10441
10442
10444
10466
10467
10468
10469
10470
10471
10472
10473
10475
10476
10477
10517
10519
10520
10535
10536
10537
10538
10541
10542
10544
10545
10546
10547
10548
10549
10550
10551
10561
10628
10633
10634
10638
10639
10640
10641
10643
10644
10645
10646
10647
10648
10649
10650
10651
10652
10653
10654
10655
10659
10665
10668
10669
10670
10671
10672
10673
10674
10677
10678
10705
10706
10707
10708
10709
10710
10711
10713
10714
10715
10716
10717
10741
10743
10762
10763
10777
10778
10779
10780
10783
10784
10785
10787
10788
10790
10791
10792
10793
10794
10795
10796
10797
10868
10871
10878
10879
10880
10881
10882
10884
10885
10886
10887
10888
10889
10890
10891
10892
10893
10894
10895
10896
10909
10910
10911
10912
10913
10914
10915
10916
10917
10918
10942
10944
10946
10947
10948
10949
10950
10951
10952
10953
10954
10955
10956
10957
10959
10960
10979
10998
10999
11015
11016
11017
11020
11021
11022
11025
11026
11028
11029
11030
11031
11032
11033
11034
11103
11106
11112
11113
11114
11115
11116
11117
11118
11119
11120
11121
11122
11123
11124
11125
11130
11131
11132
11133
11144
11147
11148
11149
11150
11151
11152
11153
11178
11179
11180
11181
11183
11184
11185
11186
11188
11189
11190
11191
11192
11193
11194
11195
11213
11214
11215
11231
11253
11254
11255
11256
11257
11261
11262
11263
11264
11265
11266
11268
11269
11332
11333
11340
11341
11342
11343
11344
11345
11346
11347
11348
11349
11350
11351
11352
11353
11355
11356
11363
11364
11376
11379
11380
11381
11382
11383
11384
11385
11410
11412
11413
11414
11416
11419
11420
11421
11422
11423
11424
11425
11447
11448
11486
11487
11488
11489
11490
11495
11496
11497
11498
11499
11502
11503
11551
11566
11567
11570
11573
11574
11575
11576
11577
11578
11579
11580
11581
11582
11583
11584
11585
11586
11587
11589
11590
11591
11593
11594
11595
11596
11603
11615
11618
11619
11620
11621
11646
11647
11648
11650
11655
11656
11657
11658
11659
11681
11682
11719
11720
11721
11722
11723
11724
11728
11729
11730
11731
11732
11735
11736
11785
11786
11788
11800
11801
11802
11805
11806
11807
11808
11809
11810
11811
11812
11813
11814
11816
11817
11818
11819
11820
11821
11822
11824
11827
11829
11832
11833
11834
11835
11855
11856
11884
11885
11886
11887
11888
11889
11894
11895
11896
11897
11898
11910
11914
11921
11922
11962
11963
11964
11965
11966
11970
11971
11972
11973
11976
11977
12007
12016
12030
12031
12032
12034
12048
12051
12052
12053
12054
12055
12058
12059
12060
12061
12062
12063
12064
12065
12066
12067
12072
12073
12075
12079
12080
12081
12082
12101
12102
12103
12104
12135
12136
12137
12138
12139
12140
12141
12142
12143
12148
12149
12150
12151
12162
12166
12167
12172
12173
12174
12212
12213
12214
12215
12218
12219
12220
12221
12225
12227
12247
12253
12263
12264
12265
12278
12282
12283
12284
12301
12304
12306
12307
12308
12309
12310
12313
12314
12315
12316
12320
12322
12324
12329
12331
12332
12333
12334
12349
12350
12351
12352
12353
12354
12389
12390
12392
12393
12394
12395
12396
12397
12398
12402
12403
12404
12419
12424
12426
12428
12429
12430
12439
12467
12468
12469
12472
12473
12474
12475
12479
12480
12482
12483
12502
12504
12507
12508
12509
12525
12526
12527
12535
12536
12542
12543
12547
12548
12549
12550
12570
12573
12574
12575
12576
12577
12581
12586
12589
12590
12592
12600
12601
12602
12603
12604
12616
12617
12618
12619
12620
12621
12655
12656
12657
12659
12660
12661
12662
12663
12664
12668
12669
12670
12671
12682
12686
12688
12689
12690
12694
12700
12728
12729
12730
12734
12735
12736
12740
12742
12743
12763
12766
12767
12768
12769
12770
12785
12786
12787
12788
12798
12799
12807
12808
12809
12810
12811
12830
12832
12833
12835
12840
12845
12849
12851
12858
12859
12860
12861
12862
12863
12871
12872
12873
12874
12875
12876
12910
12911
12914
12915
12916
12917
12918
12919
12920
12924
12925
12926
12929
12935
12939
12975
12976
12977
12982
12983
12985
12988
12989
12991
12992
12993
13012
13014
13015
13016
13017
13018
13019
13036
13037
13038
13039
13040
13041
13043
13051
13052
13058
13059
13060
13061
13062
13083
13085
13103
13104
13114
13115
13116
13117
13123
13124
13125
13126
13127
13128
13129
13166
13171
13172
13173
13174
13175
13176
13177
13181
13182
13183
13185
13186
13194
13227
13228
13230
13232
13235
13237
13238
13240
13241
13242
13260
13261
13262
13263
13264
13265
13266
13267
13281
13282
13283
13284
13285
13286
13287
13288
13289
13298
13303
13304
13305
13306
13307
13345
13349
13350
13358
13359
13360
13361
13366
13367
13368
13369
13370
13371
13406
13412
13413
13414
13415
13416
13417
13418
13422
13423
13427
13428
13465
13466
13467
13468
13473
13474
13476
13477
13478
13479
13480
13495
13496
13497
13498
13499
13513
13514
13515
13516
13517
13518
13519
13520
13525
13528
13531
13532
13533
13534
13574
13579
13582
13583
13584
13595
13596
13599
13600
13601
13602
13603
13640
13641
13645
13646
13647
13648
13649
13650
13651
13653
13654
13656
13659
13660
13693
13699
13700
13702
13703
13704
13705
13706
13721
13723
13735
13737
13738
13739
13740
13741
13742
13743
13747
13754
13755
13756
13757
13797
13804
13806
13807
13818
13819
13820
13822
13823
13824
13862
13866
13870
13871
13872
13873
13874
13875
13876
13878
13879
13880
13881
13883
13911
13916
13917
13918
13920
13921
13922
13923
13924
13925
13942
13943
13944
13945
13946
13948
13957
13959
13960
13961
13962
13963
13964
13965
13966
13967
13968
13972
13973
13975
13976
13979
13980
13981
14031
14033
14034
14044
14045
14046
14047
14048
14049
14087
14091
14092
14096
14097
14098
14099
14100
14101
14102
14106
14139
14140
14141
14144
14145
14146
14147
14148
14149
14151
14171
14172
14173
14175
14176
14186
14187
14188
14189
14190
14193
14194
14195
14196
14200
14201
14202
14203
14204
14208
14254
14255
14256
14257
14258
14267
14269
14270
14271
14272
14273
14317
14318
14319
14323
14324
14325
14326
14327
14328
14329
14332
14333
14362
14363
14364
14365
14367
14368
14369
14370
14371
14372
14373
14375
14395
14396
14397
14398
14400
14407
14408
14409
14410
14413
14415
14416
14418
14421
14422
14423
14425
14429
14471
14472
14473
14486
14489
14490
14491
14492
14493
14494
14531
14539
14541
14546
14547
14548
14549
14551
14552
14553
14554
14583
14584
14585
14586
14589
14590
14591
14592
14593
14594
14595
14596
14597
14600
14621
14623
14624
14625
14626
14627
14630
14631
14633
14634
14635
14639
14640
14641
14643
14645
14647
14648
14652
14668
14696
14697
14704
14710
14713
14714
14715
14752
14761
14766
14767
14768
14769
14770
14771
14772
14774
14801
14803
14804
14805
14808
14809
14811
14812
14813
14814
14815
14816
14817
14821
14843
14844
14845
14846
14848
14851
14852
14853
14855
14856
14859
14860
14861
14862
14864
14865
14866
14867
14868
14869
14872
14887
14888
14918
14919
14920
14927
14928
14929
14935
14938
14939
14940
14977
14978
14981
14989
14990
14991
14992
14993
14994
14995
14996
15024
15027
15030
15031
15032
15033
15034
15035
15036
15037
15038
15039
15040
15065
15066
15067
15069
15070
15071
15074
15075
15076
15077
15080
15081
15082
15083
15084
15085
15086
15087
15088
15091
15095
15096
15112
15140
15146
15147
15148
15149
15150
15156
15157
15158
15166
15207
15208
15211
15215
15217
15218
15219
15220
15221
15222
15223
15249
15251
15252
15254
15255
15256
15257
15258
15259
15260
15261
15262
15288
15289
15290
15291
15292
15293
15296
15298
15299
15300
15301
15302
15303
15304
15305
15306
15307
15308
15309
15310
15313
15314
15319
15320
15331
15340
15372
15373
15374
15375
15380
15381
15382
15383
15384
15394
15398
15401
15439
15442
15446
15448
15449
15450
15451
15452
15478
15480
15481
15482
15484
15485
15486
15487
15488
15489
15490
15514
15515
15516
15517
15520
15522
15523
15524
15525
15526
15527
15528
15529
15530
15532
15534
15535
15536
15540
15541
15542
15543
15553
15563
15591
15599
15600
15601
15606
15607
15608
15609
15610
15619
15621
15623
15624
15626
15627
15670
15672
15674
15676
15677
15678
15679
15680
15703
15705
15706
15709
15710
15712
15713
15740
15741
15743
15744
15745
15746
15747
15748
15749
15750
15751
15752
15753
15755
15758
15759
15761
15762
15763
15765
15777
15778
15813
15815
15824
15825
15826
15827
15831
15832
15833
15849
15850
15851
15853
15854
15855
15901
15902
15903
15904
15905
15925
15927
15930
15931
15932
15934
15935
15960
15961
15962
15964
15965
15966
15967
15968
15969
15970
15971
15972
15973
15974
15976
15977
15978
15980
15981
15982
15987
15996
15997
16033
16035
16036
16045
16046
16047
16048
16051
16052
16053
16054
16071
16075
16076
16078
16079
16080
16081
16082
16123
16124
16125
16126
16131
16146
16147
16149
16150
16151
16153
16155
16156
16185
16186
16187
16188
16189
16190
16191
16192
16193
16194
16195
16196
16197
16198
16200
16201
16204
16205
16211
16212
16218
16219
16220
16248
16249
16256
16258
16272
16273
16274
16277
16278
16279
16280
16305
16306
16307
16308
16310
16311
16313
16349
16350
16351
16352
16356
16367
16368
16371
16373
16374
16400
16401
16402
16403
16404
16405
16406
16407
16409
16410
16412
16413
16417
16418
16419
16423
16424
16425
16457
16459
16460
16461
16462
16463
16468
16471
16472
16473
16485
16487
16488
16491
16492
16512
16519
16520
16521
16522
16523
16524
16525
16526
16527
16528
16569
16570
16571
16574
16586
16587
16588
16589
16590
16591
16593
16615
16616
16617
16618
16619
16620
16621
16622
16623
16624
16628
16630
16631
16632
16638
16639
16640
16673
16675
16676
16677
16678
16679
16680
16683
16684
16686
16687
16688
16702
16703
16704
16705
16706
16709
16710
16728
16730
16734
16735
16736
16737
16738
16739
16740
16741
16742
16743
16744
16791
16797
16798
16799
16800
16801
16803
16825
16826
16827
16828
16829
16830
16834
16835
16836
16837
16838
16839
16840
16846
16847
16863
16868
16879
16883
16885
16886
16887
16888
16889
16890
16891
16892
16896
16898
16899
16900
16913
16914
16915
16918
16919
16938
16946
16947
16948
16949
16950
16951
16952
16953
16954
16955
16956
16995
17005
17011
17012
17013
17014
17019
17042
17043
17044
17045
17046
17047
17048
17049
17052
17054
17055
17056
17057
17063
17064
17077
17078
17084
17089
17102
17103
17106
17107
17109
17110
17111
17112
17113
17114
17115
17118
17119
17120
17121
17122
17133
17136
17137
17138
17140
17141
17161
17168
17170
17171
17172
17173
17174
17175
17176
17177
17182
17191
17193
17223
17225
17237
17238
17239
17240
17241
17242
17248
17270
17271
17272
17273
17274
17275
17276
17277
17278
17280
17281
17282
17283
17289
17302
17303
17304
17309
17310
17316
17330
17334
17336
17337
17338
17339
17340
17341
17342
17345
17346
17347
17348
17349
17350
17358
17359
17361
17362
17365
17366
17367
17369
17370
17388
17395
17396
17397
17398
17399
17400
17406
17416
17417
17418
17421
17450
17451
17453
17463
17464
17465
17466
17467
17468
17469
17475
17476
17477
17481
17500
17501
17502
17503
17504
17506
17508
17509
17510
17511
17532
17533
17534
17535
17539
17540
17549
17550
17553
17568
17569
17570
17573
17574
17575
17576
17577
17578
17579
17580
17581
17582
17585
17586
17587
17597
17598
17599
17600
17601
17602
17604
17606
17607
17610
17620
17635
17636
17637
17638
17639
17644
17645
17657
17658
17659
17660
17661
17691
17692
17702
17703
17704
17705
17706
17735
17736
17737
17738
17739
17740
17741
17742
17743
17765
17766
17767
17770
17778
17781
17798
17799
17800
17803
17804
17805
17806
17807
17808
17809
17810
17825
17827
17828
17830
17831
17834
17836
17838
17848
17849
17857
17862
17865
17866
17867
17868
17869
17870
17871
17872
17873
17874
17877
17882
17894
17895
17896
17897
17898
17899
17932
17942
17943
17945
17946
17947
17960
17977
17978
17979
17980
17981
17982
17983
17984
18003
18004
18005
18006
18007
18009
18017
18018
18021
18037
18038
18039
18040
18043
18044
18045
18046
18047
18048
18049
18050
18051
18063
18065
18066
18067
18068
18070
18071
18073
18084
18085
18097
18106
18107
18108
18109
18110
18111
18112
18113
18115
18122
18123
18133
18134
18135
18136
18137
18138
18139
18140
18171
18180
18181
18183
18184
18185
18196
18212
18213
18214
18215
18216
18217
18218
18238
18240
18241
18242
18245
18252
18253
18256
18270
18273
18274
18277
18278
18279
18280
18281
18282
18283
18284
18285
18286
18300
18302
18303
18304
18305
18306
18307
18321
18332
18333
18340
18341
18342
18343
18344
18345
18346
18347
18348
18350
18357
18358
18359
18363
18369
18370
18371
18372
18373
18374
18375
18376
18377
18378
18379
18421
18422
18435
18449
18450
18451
18452
18454
18473
18474
18475
18478
18486
18487
18490
18507
18509
18510
18513
18514
18515
18518
18519
18520
18521
18522
18523
18524
18526
18540
18541
18542
18543
18544
18578
18579
18580
18581
18582
18583
18585
18591
18592
18593
18594
18599
18605
18606
18607
18608
18609
18610
18611
18612
18613
18614
18615
18616
18656
18668
18683
18684
18685
18686
18687
18706
18707
18710
18711
18721
18722
18724
18725
18747
18749
18751
18752
18753
18754
18757
18758
18761
18762
18764
18765
18766
18767
18768
18770
18783
18784
18785
18786
18787
18788
18816
18822
18823
18824
18825
18826
18827
18828
18829
18831
18836
18837
18838
18844
18849
18850
18851
18852
18853
18854
18855
18856
18857
18858
18859
18860
18861
18901
18926
18927
18928
18945
18946
18948
18960
18961
18984
18985
18986
18988
18989
18990
18991
18992
18993
18996
19000
19002
19003
19004
19005
19006
19007
19008
19025
19026
19027
19028
19029
19031
19068
19069
19070
19071
19072
19073
19074
19075
19083
19084
19085
19089
19095
19096
19097
19098
19099
19100
19101
19102
19103
19104
19105
19106
19108
19109
19172
19173
19174
19177
19189
19190
19192
19204
19233
19234
19235
19237
19239
19240
19241
19242
19243
19245
19249
19252
19253
19254
19255
19256
19257
19258
19275
19276
19277
19278
19280
19313
19314
19315
19316
19317
19318
19319
19320
19325
19327
19328
19332
19338
19339
19340
19341
19342
19343
19344
19348
19349
19350
19352
19412
19414
19415
19425
19426
19427
19430
19439
19444
19471
19473
19474
19479
19480
19482
19484
19485
19486
19487
19488
19495
19498
19499
19500
19501
19502
19519
19520
19521
19523
19554
19555
19556
19557
19558
19559
19560
19561
19562
19563
19566
19568
19570
19571
19572
19576
19577
19580
19581
19582
19583
19584
19585
19586
19588
19590
19593
19653
19654
19655
19666
19667
19668
19680
19682
19710
19712
19713
19716
19717
19718
19719
19721
19722
19723
19724
19725
19734
19736
19737
19738
19739
19754
19755
19756
19757
19789
19790
19791
19792
19793
19794
19795
19796
19797
19798
19799
19800
19804
19805
19806
19807
19812
19813
19816
19817
19818
19819
19820
19821
19825
19826
19828
19829
19830
19889
19899
19900
19905
19912
19913
19915
19945
19946
19948
19949
19950
19953
19954
19955
19957
19958
19959
19961
19962
19969
19970
19971
19972
19973
19974
19990
19991
19992
20007
20023
20024
20025
20026
20027
20028
20029
20030
20031
20032
20033
20034
20037
20038
20039
20041
20046
20047
20048
20050
20051
20052
20053
20055
20057
20058
20061
20121
20129
20137
20138
20171
20174
20176
20177
20178
20179
20180
20184
20185
20186
20188
20189
20190
20191
20192
20194
20200
20201
20202
20204
20220
20221
20233
20239
20253
20254
20255
20256
20257
20258
20259
20260
20263
20264
20265
20266
20267
20268
20274
20275
20278
20279
20280
20281
20286
20287
20288
20289
20291
20342
20349
20365
20366
20367
20400
20402
20403
20404
20405
20406
20407
20412
20413
20416
20417
20418
20419
20420
20421
20422
20430
20431
20432
20433
20460
20467
20468
20481
20482
20483
20484
20485
20486
20489
20490
20491
20492
20493
20494
20500
20501
20502
20503
20505
20506
20507
20508
20515
20516
20517
20520
20521
20571
20584
20590
20623
20624
20627
20628
20629
20630
20631
20632
20633
20634
20636
20638
20639
20641
20642
20643
20644
20645
20646
20647
20648
20649
20656
20657
20658
20681
20682
20685
20689
20691
20707
20708
20709
20710
20711
20712
20715
20716
20717
20718
20720
20721
20722
20728
20729
20730
20731
20732
20735
20736
20737
20738
20742
20746
20747
20748
20750
20751
20797
20798
20802
20805
20810
20852
20853
20854
20857
20858
20859
20860
20861
20862
20863
20864
20867
20869
20870
20871
20875
20876
20877
20879
20886
20908
20909
20912
20931
20932
20933
20934
20935
20936
20937
20939
20940
20941
20942
20943
20944
20945
20952
20953
20954
20955
20959
20960
20961
20962
20968
20972
20973
20974
20977
20978
21000
21030
21032
21040
21046
21090
21091
21092
21093
21096
21097
21098
21099
21100
21101
21102
21105
21107
21108
21109
21110
21111
21114
21115
21116
21118
21119
21127
21149
21150
21153
21170
21171
21172
21173
21174
21175
21176
21177
21178
21179
21180
21188
21189
21190
21191
21192
21196
21197
21198
21199
21203
21207
21208
21209
21210
21213
21237
21238
21266
21267
21268
21273
21274
21326
21330
21331
21332
21333
21334
21336
21337
21338
21339
21340
21341
21344
21345
21347
21348
21349
21350
21351
21354
21356
21357
21358
21359
21360
21368
21372
21386
21387
21388
21390
21391
21409
21410
21411
21412
21413
21414
21415
21422
21423
21424
21425
21426
21427
21430
21431
21432
21433
21437
21441
21442
21468
21469
21497
21498
21501
21503
21512
21560
21562
21563
21564
21565
21566
21567
21568
21570
21571
21572
21573
21574
21575
21580
21581
21582
21584
21586
21588
21589
21590
21592
21603
21618
21620
21621
21639
21640
21641
21642
21643
21644
21645
21652
21653
21654
21655
21656
21657
21658
21661
21662
21663
21664
21669
21673
21705
21706
21734
21737
21745
21799
21800
21801
21802
21803
21804
21805
21806
21807
21808
21809
21810
21812
21813
21815
21816
21817
21818
21822
21823
21824
21825
21826
21839
21854
21855
21856
21874
21875
21876
21877
21878
21879
21880
21881
21887
21888
21889
21890
21891
21892
21893
21895
21896
21897
21898
21901
21903
21905
21909
21939
21940
21941
21965
21968
21978
22036
22038
22039
22040
22041
22042
22043
22044
22045
22046
22047
22048
22051
22052
22053
22054
22055
22059
22060
22061
22062
22063
22064
22065
22066
22079
22094
22095
22112
22113
22114
22115
22116
22117
22118
22119
22125
22126
22127
22128
22129
22130
22131
22132
22133
22134
22135
22136
22140
22143
22149
22174
22175
22176
22198
22202
22211
22240
22242
22253
22266
22274
22275
22277
22278
22279
22280
22281
22282
22283
22284
22285
22286
22287
22290
22291
22292
22293
22294
22299
22301
22302
22303
22304
22305
22311
22317
22334
22335
22352
22353
22354
22355
22356
22357
22363
22364
22365
22366
22367
22368
22369
22370
22371
22373
22374
22379
22381
22408
22409
22410
22424
22431
22435
22444
22476
22492
22498
22509
22510
22518
22519
22521
22522
22523
22524
22525
22526
22527
22528
22529
22530
22531
22532
22533
22534
22535
22536
22537
22538
22539
22543
22545
22546
22547
22548
22549
22554
22555
22561
22581
22602
22603
22604
22605
22606
22612
22613
22614
22615
22616
22617
22618
22619
22621
22627
22628
22651
22652
22653
22664
22672
22677
22687
22718
22719
22725
22738
22741
22742
22743
22756
22757
22766
22767
22768
22769
22770
22771
22772
22773
22774
22775
22776
22777
22778
22779
22781
22782
22783
22784
22785
22786
22789
22790
22792
22793
22799
22800
22801
22806
22826
22848
22849
22850
22851
22854
22856
22857
22858
22859
22861
22862
22863
22865
22872
22873
22874
22897
22898
22899
22909
22917
22922
22961
22962
22965
22967
22980
22981
22982
22983
22985
22986
22987
22991
23001
23004
23005
23006
23007
23017
23018
23019
23020
23021
23022
23023
23024
23025
23027
23028
23029
23030
23031
23032
23036
23038
23039
23045
23046
23068
23069
23090
23091
23092
23093
23096
23097
23098
23100
23101
23103
23111
23112
23113
23114
23120
23138
23139
23140
23141
23142
23150
23157
23160
23163
23203
23206
23207
23221
23222
23223
23224
23226
23231
23241
23242
23244
23245
23246
23247
23254
23255
23256
23257
23258
23259
23260
23261
23262
23263
23264
23265
23266
23267
23271
23272
23273
23274
23279
23298
23300
23324
23325
23326
23327
23328
23330
23331
23333
23334
23335
23336
23343
23344
23345
23353
23371
23372
23373
23374
23387
23391
23393
23436
23438
23439
23452
23453
23454
23455
23456
23457
23463
23464
23475
23476
23477
23479
23480
23481
23482
23483
23489
23490
23491
23492
23493
23494
23495
23496
23497
23499
23500
23503
23504
23505
23506
23529
23554
23555
23556
23557
23559
23560
23561
23562
23564
23571
23578
23591
23592
23593
23594
23603
23611
23612
23614
23619
23661
23663
23678
23679
23680
23681
23682
23683
23684
23691
23693
23694
23695
23699
23704
23705
23706
23707
23709
23710
23711
23712
23714
23720
23721
23722
23723
23724
23725
23726
23727
23728
23729
23731
23732
23734
23735
23736
23737
23777
23778
23779
23780
23781
23782
23783
23784
23785
23792
23796
23799
23800
23813
23814
23815
23816
23827
23828
23837
23838
23844
23888
23890
23908
23909
23910
23911
23912
23913
23922
23923
23925
23926
23931
23932
23936
23937
23938
23939
23940
23942
23943
23944
23945
23946
23947
23948
23951
23953
23954
23955
23956
23957
23958
23959
23961
23963
23964
23965
23966
23967
24003
24004
24005
24006
24007
24008
24009
24016
24020
24021
24026
24027
24036
24037
24038
24050
24051
24061
24062
24070
24072
24127
24128
24129
24131
24141
24142
24144
24145
24150
24151
24155
24156
24157
24158
24159
24160
24161
24162
24163
24166
24168
24169
24170
24171
24175
24177
24178
24179
24213
24214
24215
24216
24217
24218
24219
24220
24228
24229
24232
24233
24237
24245
24247
24248
24249
24263
24264
24274
24275
24276
24285
24286
24346
24348
24350
24361
24362
24363
24364
24365
24367
24368
24369
24373
24374
24378
24379
24380
24381
24382
24383
24384
24387
24388
24390
24391
24392
24394
24396
24397
24432
24433
24434
24435
24436
24437
24438
24449
24450
24453
24454
24455
24460
24469
24470
24471
24472
24488
24489
24490
24491
24499
24507
24510
24566
24567
24569
24570
24588
24589
24590
24591
24592
24593
24594
24595
24598
24599
24600
24603
24604
24605
24606
24607
24608
24610
24611
24612
24615
24616
24618
24619
24651
24652
24653
24654
24655
24656
24657
24667
24671
24672
24673
24681
24682
24683
24684
24685
24686
24702
24703
24704
24711
24727
24773
24784
24785
24787
24788
24789
24790
24808
24809
24810
24811
24812
24813
24814
24815
24819
24823
24824
24825
24826
24827
24828
24829
24830
24831
24832
24833
24836
24838
24866
24867
24868
24869
24870
24871
24872
24886
24890
24891
24892
24899
24900
24901
24902
24903
24904
24923
24924
24933
24934
24943
24999
25003
25011
25013
25014
25015
25019
25036
25037
25038
25039
25040
25041
25042
25043
25046
25049
25050
25051
25052
25053
25054
25055
25056
25058
25059
25060
25061
25063
25089
25090
25091
25092
25093
25094
25095
25111
25112
25114
25116
25118
25119
25120
25121
25122
25141
25142
25152
25163
25164
25171
25222
25225
25234
25235
25236
25237
25240
25243
25244
25256
25261
25262
25263
25264
25265
25266
25268
25271
25272
25273
25274
25275
25277
25278
25281
25282
25283
25284
25285
25286
25287
25313
25314
25315
25316
25317
25318
25319
25320
25330
25331
25337
25339
25340
25341
25342
25343
25356
25359
25360
25361
25378
25379
25381
25388
25389
25441
25443
25450
25451
25453
25454
25458
25459
25460
25473
25476
25477
25478
25479
25480
25481
25482
25483
25486
25487
25489
25490
25492
25493
25496
25497
25498
25499
25500
25501
25502
25503
25525
25526
25527
25528
25529
25530
25531
25532
25533
25544
25545
25550
25551
25552
25553
25554
25571
25572
25590
25591
25599
25600
25650
25651
25657
25658
25667
25668
25669
25681
25682
25685
25686
25687
25689
25690
25695
25696
25698
25699
25701
25702
25703
25704
25705
25706
25707
25708
25709
25710
25730
25731
25732
25733
25734
25735
25736
25737
25738
25739
25753
25754
25758
25772
25774
25775
25782
25791
25795
25797
25806
25807
25867
25868
25875
25878
25880
25881
25885
25886
25895
25896
25897
25901
25902
25903
25904
25906
25907
25912
25913
25915
25916
25917
25919
25920
25921
25922
25923
25924
25925
25926
25927
25928
25947
25948
25949
25950
25951
25952
25953
25954
25955
25957
25958
25976
25977
25978
25979
25983
25984
26001
26003
26004
26019
26025
26027
26038
26091
26103
26104
26105
26107
26109
26115
26125
26126
26129
26130
26132
26133
26135
26136
26142
26143
26144
26147
26148
26149
26150
26151
26152
26153
26154
26155
26156
26157
26174
26175
26176
26177
26178
26179
26180
26181
26182
26184
26192
26193
26194
26203
26204
26205
26210
26211
26217
26222
26228
26236
26237
26245
26246
26252
26253
26255
26329
26330
26331
26333
26334
26335
26351
26353
26354
26357
26360
26361
26366
26368
26369
26370
26372
26373
26374
26375
26376
26377
26378
26379
26380
26381
26382
26383
26401
26402
26403
26404
26405
26406
26408
26409
26418
26419
26420
26421
26431
26432
26433
26439
26440
26447
26454
26458
26459
26468
26470
26481
26482
26488
26562
26563
26564
26566
26567
26585
26586
26587
26589
26590
26591
26592
26593
26598
26601
26602
26603
26605
26606
26607
26608
26609
26610
26611
26612
26613
26614
26618
26634
26635
26636
26637
26639
26640
26641
26646
26647
26651
26652
26653
26654
26663
26664
26667
26677
26686
26690
26697
26698
26699
26710
26711
26712
26717
26718
26720
26721
26728
26790
26791
26792
26793
26794
26795
26796
26797
26817
26818
26820
26821
26823
26824
26826
26828
26830
26831
26832
26833
26835
26836
26837
26838
26839
26840
26841
26842
26847
26862
26863
26864
26866
26867
26868
26869
26876
26877
26878
26883
26884
26885
26886
26896
26897
26899
26900
26901
26911
26922
26923
26926
26933
26952
26953
26954
26955
26960
27015
27016
27017
27018
27019
27020
27021
27022
27023
27024
27027
27030
27046
27047
27049
27050
27052
27053
27054
27056
27057
27058
27060
27062
27063
27064
27065
27066
27067
27068
27069
27088
27089
27092
27094
27096
27103
27104
27105
27106
27109
27111
27113
27114
27115
27128
27129
27130
27132
27133
27134
27152
27155
27156
27158
27182
27183
27184
27185
27188
27241
27247
27248
27249
27250
27251
27252
27253
27254
27255
27256
27257
27258
27260
27262
27265
27280
27282
27283
27284
27286
27287
27289
27290
27291
27294
27295
27296
27297
27298
27299
27315
27316
27319
27320
27321
27322
27330
27331
27332
27334
27337
27338
27340
27342
27343
27344
27359
27360
27361
27363
27364
27365
27366
27388
27389
27390
27391
27415
27418
27419
27420
27421
27422
27423
27481
27482
27483
27484
27485
27486
27487
27488
27489
27490
27491
27492
27493
27495
27497
27498
27501
27518
27520
27521
27523
27524
27525
27526
27527
27528
27535
27551
27552
27554
27555
27556
27562
27563
27564
27565
27566
27568
27569
27571
27573
27574
27594
27595
27596
27598
27599
27600
27601
27615
27617
27618
27619
27642
27644
27645
27647
27648
27649
27650
27651
27652
27653
27714
27715
27716
27717
27718
27720
27721
27722
27723
27724
27725
27726
27727
27728
27730
27732
27734
27753
27756
27758
27759
27762
27763
27764
27765
27766
27767
27772
27775
27776
27790
27791
27792
27793
27799
27800
27801
27802
27803
27804
27805
27806
27808
27809
27811
27819
27821
27822
27835
27837
27838
27839
27841
27842
27843
27844
27858
27859
27861
27883
27884
27885
27888
27889
27890
27891
27892
27956
27957
27958
27959
27960
27961
27963
27964
27965
27966
27967
27968
27969
27970
27971
27973
27974
27976
27978
27998
27999
28000
28001
28003
28004
28005
28006
28007
28012
28015
28016
28032
28033
28034
28040
28041
28042
28043
28044
28045
28047
28055
28056
28057
28059
28060
28070
28075
28076
28077
28078
28079
28080
28081
28093
28096
28109
28116
28119
28120
28121
28122
28125
28192
28193
28194
28195
28196
28197
28198
28199
28200
28202
28203
28204
28205
28206
28207
28209
28211
28214
28215
28224
28232
28233
28234
28235
28236
28237
28238
28244
28245
28248
28249
28250
28268
28269
28270
28276
28277
28278
28279
28280
28281
28282
28289
28291
28292
28294
28302
28306
28307
28308
28309
28310
28311
28312
28315
28321
28322
28337
28338
28339
28349
28350
28353
28355
28418
28419
28420
28421
28422
28424
28426
28427
28428
28429
28430
28431
28432
28435
28436
28437
28440
28441
28447
28455
28456
28457
28458
28459
28460
28461
28468
28469
28470
28471
28474
28475
28476
28486
28490
28494
28495
28502
28503
28504
28513
28514
28516
28517
28519
28520
28527
28530
28531
28532
28533
28534
28535
28536
28542
28543
28558
28559
28560
28561
28574
28575
28578
28579
28644
28645
28646
28647
28648
28650
28651
28653
28655
28656
28657
28658
28659
28660
28663
28665
28667
28673
28674
28681
28682
28684
28685
28686
28693
28694
28695
28697
28698
28709
28719
28720
28726
28727
28728
28729
28730
28737
28738
28739
28741
28742
28743
28744
28745
28756
28759
28760
28761
28762
28763
28765
28766
28789
28791
28792
28793
28794
28808
28810
28876
28877
28878
28879
28880
28882
28883
28885
28887
28888
28889
28890
28891
28900
28906
28907
28908
28915
28916
28918
28927
28934
28938
28943
28944
28945
28947
28948
28949
28958
28959
28960
28962
28963
28964
28965
28966
28967
28968
28980
28981
28982
28983
28984
28988
28989
29013
29014
29015
29016
29017
29031
29032
29089
29090
29091
29092
29093
29095
29096
29097
29099
29100
29101
29103
29104
29105
29106
29112
29114
29120
29121
29122
29124
29130
29131
29133
29135
29137
29144
29145
29153
29154
29162
29164
29165
29166
29167
29174
29177
29178
29179
29180
29182
29183
29184
29185
29186
29187
29188
29189
29190
29203
29204
29205
29206
29207
29208
29209
29211
29213
29234
29235
29236
29237
29238
29257
29317
29318
29319
29320
29321
29323
29325
29326
29327
29328
29330
29331
29332
29333
29334
29335
29343
29350
29354
29358
29359
29360
29361
29362
29363
29365
29372
29380
29381
29387
29388
29389
29390
29391
29392
29393
29400
29403
29404
29405
29406
29407
29408
29409
29410
29411
29412
29413
29414
29415
29429
29430
29431
29432
29433
29435
29436
29437
29461
29462
29463
29464
29465
29548
29549
29550
29551
29552
29553
29554
29556
29557
29558
29559
29560
29561
29563
29564
29565
29566
29567
29584
29589
29595
29596
29597
29599
29600
29609
29615
29620
29621
29622
29623
29624
29625
29626
29627
29634
29637
29638
29639
29640
29642
29643
29644
29655
29660
29661
29662
29663
29664
29667
29668
29669
29677
29685
29686
29687
29688
29689
29690
29691
29697
29699
29779
29780
29781
29782
29783
29784
29785
29786
29787
29789
29790
29791
29792
29793
29795
29796
29797
29813
29815
29818
29819
29825
29826
29828
29829
29838
29845
29851
29852
29853
29854
29855
29856
29857
29858
29864
29866
29867
29870
29871
29872
29875
29884
29885
29887
29889
29891
29894
29895
29896
29897
29906
29907
29918
29919
29920
29921
29922
29928
30006
30007
30008
30009
30010
30011
30012
30013
30017
30018
30019
30020
30021
30022
30023
30024
30040
30044
30045
30051
30052
30053
30055
30068
30072
30073
30074
30075
30076
30077
30078
30079
30080
30086
30090
30091
30092
30094
30095
30105
30106
30107
30110
30112
30113
30114
30116
30118
30119
30124
30125
30126
30137
30138
30139
30147
30233
30235
30236
30237
30238
30239
30240
30242
30245
30246
30247
30248
30249
30250
30251
30271
30274
30275
30276
30280
30282
30283
30284
30285
30286
30298
30303
30304
30305
30306
30307
30308
30309
30310
30311
30315
30319
30320
30321
30322
30323
30324
30335
30336
30337
30338
30339
30342
30344
30346
30347
30348
30352
30353
30354
30355
30356
30358
30366
30367
30368
30369
30379
30459
30460
30461
30462
30463
30464
30465
30468
30469
30470
30471
30472
30473
30474
30476
30478
30496
30499
30500
30501
30503
30505
30507
30508
30509
30520
30525
30526
30527
30528
30529
30530
30531
30532
30538
30539
30540
30541
30542
30543
30544
30545
30546
30558
30559
30560
30561
30562
30567
30570
30572
30575
30576
30577
30578
30579
30580
30593
30594
30595
30603
30604
30681
30682
30683
30684
30685
30686
30687
30689
30690
30691
30692
30693
30694
30695
30697
30717
30719
30721
30722
30723
30725
30728
30729
30743
30744
30745
30746
30748
30749
30750
30756
30757
30758
30759
30760
30761
30762
30763
30775
30778
30779
30780
30781
30782
30784
30785
30786
30787
30789
30791
30793
30794
30795
30796
30797
30805
30809
30816
30817
30818
30823
30901
30902
30903
30904
30905
30906
30908
30909
30910
30911
30912
30913
30914
30915
30916
30917
30918
30941
30943
30944
30945
30946
30949
30950
30951
30962
30966
30967
30968
30970
30971
30975
30976
30977
30978
30979
30980
30981
30993
30995
30999
31000
31001
31002
31003
31004
31005
31006
31007
31008
31009
31010
31012
31014
31015
31016
31017
31018
31020
31021
31026
31028
31031
31032
31040
31041
31042
31135
31136
31137
31138
31140
31141
31142
31143
31144
31145
31146
31147
31148
31151
31174
31175
31177
31178
31179
31180
31181
31182
31184
31185
31186
31197
31198
31202
31203
31204
31206
31207
31210
31211
31212
31213
31214
31226
31227
31229
31230
31235
31236
31237
31238
31239
31240
31241
31242
31243
31244
31245
31246
31247
31249
31250
31251
31252
31253
31255
31256
31258
31262
31264
31269
31270
31271
31280
31281
31282
31283
31379
31380
31381
31382
31383
31384
31387
31407
31411
31412
31413
31414
31415
31416
31418
31420
31431
31433
31436
31438
31439
31440
31441
31453
31454
31455
31456
31458
31462
31463
31464
31465
31468
31469
31470
31471
31472
31473
31474
31475
31477
31479
31480
31481
31482
31483
31484
31485
31488
31493
31494
31495
31501
31503
31504
31505
31506
31518
31519
31520
31521
31579
31618
31619
31621
31632
31633
31646
31647
31648
31649
31650
31651
31653
31654
31655
31656
31668
31670
31672
31673
31674
31675
31676
31677
31691
31692
31693
31694
31696
31701
31702
31703
31704
31708
31709
31710
31711
31712
31713
31714
31715
31716
31717
31718
31719
31720
31721
31724
31725
31726
31731
31732
31733
31735
31743
31745
31747
31748
31749
31760
31761
31762
31763
31818
31820
31856
31872
31885
31886
31887
31888
31889
31890
31899
31902
31903
31905
31906
31907
31908
31917
31918
31922
31923
31924
31932
31933
31934
31938
31939
31940
31941
31942
31943
31944
31945
31946
31947
31948
31949
31950
31953
31954
31956
31957
31960
31961
31962
31963
31972
31973
31975
31976
31977
31978
31979
31984
31985
31986
31987
32041
32042
32090
32101
32103
32104
32105
32106
32107
32115
32118
32119
32120
32121
32129
32131
32136
32137
32138
32139
32140
32143
32146
32148
32149
32150
32152
32153
32154
32155
32156
32157
32159
32160
32161
32162
32163
32165
32166
32168
32169
32170
32171
32172
32173
32181
32182
32183
32185
32186
32187
32188
32189
32192
32193
32270
32277
32289
32290
32291
32292
32293
32301
32305
32306
32307
32321
32322
32323
32324
32325
32326
32330
32335
32337
32338
32340
32341
32342
32343
32344
32345
32346
32347
32348
32349
32351
32353
32354
32355
32356
32357
32358
32359
32367
32368
32369
32370
32371
32372
32431
32432
32438
32439
32440
32448
32453
32465
32466
32467
32468
32469
32470
32471
32472
32475
32483
32484
32486
32487
32488
32489
32490
32491
32492
32493
32494
32498
32499
32500
32501
32502
32507
32508
32566
32570
32571
32581
32582
32583
32584
32585
32586
32590
32591
32593
32595
32596
32597
32599
32601
32602
32604
32644
32650
32651
32652
32656
32657
32658
32659
32662
32664
)


// ************************************************************************* //
