/*--------------------------------*- C++ -*----------------------------------*\
| =========                 |                                                 |
| \\      /  F ield         | OpenFOAM: The Open Source CFD Toolbox           |
|  \\    /   O peration     | Version:  2412                                  |
|   \\  /    A nd           | Website:  www.openfoam.com                      |
|    \\/     M anipulation  |                                                 |
\*---------------------------------------------------------------------------*/
FoamFile
{
    version     2.0;
    format      ascii;
    arch        "LSB;label=32;scalar=64";
    note        "nPoints:2388  nCells:8173  nFaces:18290  nInternalFaces:14402";
    class       labelList;
    location    "constant/polyMesh";
    object      neighbour;
}
// * * * * * * * * * * * * * * * * * * * * * * * * * * * * * * * * * * * * * //


14402
(
2
5
6
8
9
13
14
17
16
17
8
19
20
21
10
21
23
24
25
28
29
32
33
14
32
13
31
37
20
38
39
40
41
43
44
45
48
49
50
21
53
54
25
55
56
23
30
36
57
58
28
54
59
26
60
31
61
29
62
63
64
65
63
66
71
58
73
44
56
74
36
58
76
40
75
77
79
82
83
55
82
41
45
84
52
85
85
86
43
48
87
88
89
90
88
91
92
93
94
93
95
94
97
98
51
87
98
99
99
100
101
102
103
57
104
102
105
103
63
106
107
60
108
109
105
110
62
71
110
72
111
112
65
108
113
111
114
67
115
116
117
118
119
120
117
118
71
72
81
121
122
74
84
107
90
125
78
126
77
128
129
130
131
100
135
80
115
136
127
132
140
141
143
121
139
143
91
144
130
145
87
88
145
146
147
148
91
149
150
148
151
152
153
148
154
155
157
158
154
159
160
161
145
162
163
104
166
167
109
168
167
169
170
171
172
128
172
173
174
166
175
174
176
174
177
113
178
179
180
181
120
181
182
132
183
178
184
185
184
186
133
187
188
189
187
190
141
176
124
140
191
193
192
194
195
131
196
197
196
198
144
199
131
136
200
144
201
202
203
205
186
206
163
197
208
196
209
138
210
211
213
214
141
215
142
216
216
192
211
169
217
218
219
150
220
221
220
222
223
223
224
154
157
225
155
226
227
228
156
229
158
160
230
231
161
232
233
234
235
236
219
236
238
239
240
235
241
242
240
241
244
167
170
175
176
245
179
246
195
199
180
247
248
249
247
250
191
249
251
252
253
253
254
254
255
252
255
190
251
256
185
209
257
258
259
260
261
259
258
262
263
190
193
264
265
266
267
268
194
269
266
270
271
272
273
203
271
274
275
209
274
276
219
277
278
273
278
279
257
280
206
262
281
282
283
284
286
272
287
288
291
292
291
293
214
215
294
295
296
297
217
297
267
293
298
275
277
221
223
299
227
300
226
230
301
231
302
229
303
232
301
231
304
305
306
307
308
237
304
308
306
309
310
311
239
278
312
273
313
314
315
316
317
318
319
311
319
320
315
321
298
261
274
249
322
250
267
323
266
324
258
325
261
326
326
325
327
324
327
328
288
329
330
283
331
329
331
332
333
330
334
264
335
336
265
337
334
338
339
340
291
341
270
290
337
342
343
286
288
286
344
345
346
279
347
348
349
349
350
329
331
352
336
353
353
354
330
355
357
351
352
357
358
315
359
360
290
335
362
363
367
368
369
297
370
368
371
296
372
373
374
303
376
377
303
376
378
307
377
319
379
380
381
311
381
310
316
382
383
384
313
383
385
314
386
387
388
387
388
389
318
321
389
390
391
384
393
392
394
324
327
395
396
326
397
398
338
398
399
400
401
402
333
403
404
336
401
337
405
406
407
408
409
340
410
411
412
342
366
413
363
414
410
414
415
345
358
416
350
386
347
360
417
418
419
417
420
421
422
423
424
406
355
425
426
402
427
428
429
430
429
431
387
416
432
400
431
363
366
434
435
434
430
433
438
441
442
369
443
444
445
446
447
374
412
448
372
445
449
450
451
374
452
390
455
378
381
382
458
459
458
460
461
462
463
388
464
465
419
464
466
416
466
467
468
462
469
391
470
393
459
471
456
472
467
469
473
396
399
411
398
409
475
403
424
409
427
404
476
474
477
478
479
407
435
480
426
481
408
415
475
482
483
484
444
485
486
485
487
488
489
490
431
491
474
420
466
492
493
494
423
441
493
495
496
497
498
476
499
500
427
499
501
481
502
503
497
504
494
505
497
467
490
506
506
507
436
509
510
511
512
511
513
514
494
516
440
517
518
502
519
500
519
523
448
525
526
526
527
446
528
524
527
529
452
528
530
529
530
454
531
532
471
533
531
534
536
537
538
470
539
461
538
465
470
540
541
542
543
468
469
541
544
545
473
531
536
539
542
546
547
488
495
548
498
549
501
550
548
549
550
481
551
552
553
501
485
554
555
556
489
509
510
543
557
492
558
521
560
561
500
562
560
563
564
565
563
565
553
566
567
568
569
570
514
551
571
505
557
572
573
574
574
575
508
575
576
533
510
577
578
551
579
581
582
515
583
584
585
580
587
588
559
569
589
520
589
590
567
590
591
592
592
594
594
554
595
596
528
555
597
598
600
599
601
602
547
602
545
600
606
536
607
606
607
608
609
609
610
544
545
611
543
612
609
613
546
614
615
600
616
575
617
562
618
619
620
621
553
622
623
570
624
625
624
626
627
574
629
565
631
632
561
633
573
634
564
635
619
636
619
637
572
568
618
622
570
638
620
571
639
640
632
641
636
642
636
643
644
645
588
604
646
578
581
628
579
583
647
648
648
649
595
649
648
650
585
651
632
588
604
652
634
653
653
654
655
592
656
593
657
658
659
661
633
662
663
664
624
626
605
666
601
667
668
603
669
605
670
671
672
615
673
610
674
673
676
677
678
615
679
614
680
614
629
681
680
617
667
681
645
669
620
682
683
647
684
685
686
685
686
687
664
688
688
689
642
690
631
693
694
654
695
696
634
697
698
637
682
700
701
683
702
640
656
700
640
655
703
704
684
696
705
706
698
707
708
645
690
707
646
707
709
710
711
713
714
651
710
716
696
717
718
719
698
718
657
720
656
721
659
693
722
659
723
724
725
661
726
727
728
729
697
730
731
733
733
734
666
735
736
737
738
669
739
737
740
741
742
671
744
745
719
746
738
745
740
747
676
748
677
736
743
749
750
751
752
679
748
753
754
755
710
756
757
704
757
758
760
713
759
753
761
692
717
762
694
763
764
695
765
766
767
767
702
768
768
718
727
725
769
706
755
770
730
771
704
705
772
773
756
774
775
776
768
770
777
742
746
776
778
712
714
779
732
734
780
715
781
782
779
783
784
767
783
785
786
787
721
722
788
723
772
723
789
790
729
791
792
730
791
729
731
793
794
795
794
796
797
798
798
799
801
802
804
760
805
806
807
808
809
809
810
811
812
741
754
813
752
814
815
816
744
813
817
818
746
819
787
820
821
814
751
822
823
818
824
809
825
771
757
827
773
760
828
775
776
830
834
835
765
835
831
836
837
836
838
788
838
839
839
840
773
841
771
842
843
844
845
846
839
844
847
842
777
842
848
784
827
802
849
781
829
850
849
851
803
851
834
852
853
854
786
795
840
821
855
856
844
858
790
858
859
792
845
798
860
861
862
795
799
863
864
865
797
833
866
863
867
868
840
869
835
871
872
834
873
875
877
828
850
877
808
878
812
879
817
880
881
811
815
882
883
884
885
830
886
816
887
888
889
890
890
820
886
891
883
892
848
891
823
894
825
894
895
881
887
896
897
899
900
901
901
902
903
903
904
905
905
870
906
859
907
908
906
909
910
848
860
911
912
868
913
846
913
911
914
899
915
916
917
900
918
919
920
875
921
854
910
922
923
923
924
856
865
925
857
892
898
926
913
927
861
927
862
928
867
929
911
930
931
932
865
866
898
931
931
933
934
935
869
928
936
937
938
874
939
940
873
921
941
918
942
943
919
944
944
946
919
879
947
948
881
895
949
882
950
951
888
952
885
953
954
893
948
888
955
956
957
950
895
896
925
958
925
959
960
961
956
962
963
964
965
966
967
924
968
907
969
970
971
934
972
933
973
922
940
908
974
934
975
927
976
910
922
974
916
917
915
915
977
924
978
936
958
921
968
979
980
981
982
983
984
961
985
986
977
930
935
987
988
989
937
990
991
967
992
993
990
994
995
939
996
997
942
998
945
999
999
1000
999
1001
979
981
1005
1006
1005
949
966
1008
1009
1010
1011
1012
953
1012
1013
954
959
1014
1009
1015
1016
1017
958
1018
1014
1018
1019
984
986
1010
1020
1017
1020
963
964
1011
1021
1022
1021
1022
985
1024
971
1007
1026
972
1027
1028
973
1029
1030
1031
976
1032
1026
1033
1034
978
1034
978
1035
1036
1037
1037
1005
1038
983
998
1039
1040
1041
1042
1043
1017
1044
1035
990
991
992
1040
1045
1046
1047
1043
1048
994
1029
1033
1049
1050
1046
1007
1051
1052
1002
1051
1053
1000
1054
1055
1056
1057
1059
1060
1060
1058
1061
1061
1062
1063
1062
1063
1064
1009
1012
1065
1066
1066
1021
1067
1068
1068
1069
1070
1071
1016
1069
1072
1073
1074
1074
1041
1075
1076
1077
1078
1079
1080
1038
1028
1081
1052
1083
1084
1085
1086
1085
1087
1086
1088
1088
1089
1090
1090
1034
1052
1091
1092
1093
1094
1095
1038
1096
1054
1091
1097
1044
1098
1071
1098
1076
1099
1044
1100
1101
1047
1049
1098
1102
1089
1100
1102
1103
1104
1082
1105
1106
1054
1105
1107
1108
1056
1059
1109
1108
1110
1110
1111
1112
1113
1114
1115
1116
1120
1121
1122
1096
1109
1122
1123
1078
1124
1125
1072
1126
1127
1073
1075
1128
1129
1075
1101
1130
1131
1079
1135
1080
1136
1136
1137
1138
1141
1117
1141
1087
1092
1146
1147
1148
1149
1150
1151
1152
1149
1153
1103
1154
1155
1156
1142
1144
1106
1157
1151
1158
1094
1104
1158
1095
1159
1104
1160
1157
1161
1162
1131
1143
1163
1163
1164
1129
1164
1155
1165
1155
1166
1106
1167
1146
1116
1168
1169
1161
1168
1114
1170
1170
1114
1121
1171
1172
1116
1168
1173
1174
1175
1176
1177
1119
1180
1181
1175
1183
1122
1185
1186
1160
1187
1127
1188
1189
1126
1137
1190
1133
1191
1191
1192
1193
1162
1131
1193
1194
1132
1196
1197
1139
1195
1138
1198
1199
1199
1200
1139
1201
1200
1202
1203
1150
1204
1153
1177
1145
1207
1197
1208
1145
1209
1210
1167
1211
1212
1213
1150
1214
1151
1215
1215
1216
1154
1213
1217
1167
1218
1209
1219
1220
1207
1221
1222
1159
1223
1224
1225
1226
1227
1194
1222
1194
1228
1228
1219
1220
1169
1229
1230
1231
1172
1174
1232
1233
1234
1235
1236
1237
1235
1238
1176
1239
1236
1240
1241
1242
1243
1233
1242
1244
1246
1234
1236
1247
1248
1249
1185
1249
1239
1250
1232
1251
1187
1251
1190
1192
1252
1199
1191
1253
1254
1196
1255
1256
1254
1257
1254
1258
1259
1261
1262
1263
1264
1202
1253
1265
1262
1266
1265
1267
1241
1212
1268
1269
1270
1271
1272
1208
1273
1222
1274
1210
1213
1271
1273
1223
1225
1230
1214
1275
1275
1268
1276
1218
1277
1217
1277
1278
1279
1280
1231
1241
1281
1282
1283
1283
1284
1285
1286
1226
1287
1288
1289
1226
1288
1229
1287
1290
1291
1290
1292
1240
1293
1294
1295
1294
1296
1235
1296
1297
1298
1291
1297
1299
1240
1241
1300
1301
1302
1301
1305
1306
1248
1302
1307
1246
1306
1247
1308
1309
1310
1311
1312
1312
1308
1313
1314
1315
1253
1316
1317
1318
1256
1319
1286
1260
1267
1318
1259
1319
1320
1274
1321
1322
1325
1326
1265
1326
1264
1266
1327
1316
1328
1323
1327
1330
1334
1335
1336
1337
1336
1338
1339
1284
1338
1340
1341
1279
1335
1277
1279
1343
1344
1280
1289
1345
1346
1282
1347
1283
1284
1348
1349
1350
1286
1351
1341
1290
1292
1352
1353
1354
1353
1355
1300
1344
1355
1307
1356
1315
1356
1357
1358
1357
1299
1300
1309
1354
1359
1314
1358
1360
1361
1362
1362
1363
1305
1364
1365
1366
1367
1310
1368
1312
1369
1332
1370
1370
1371
1358
1372
1362
1330
1370
1373
1318
1327
1374
1320
1341
1375
1376
1377
1339
1378
1329
1376
1380
1382
1325
1383
1384
1385
1386
1387
1386
1378
1343
1388
1333
1388
1389
1390
1391
1392
1392
1393
1336
1394
1395
1396
1340
1350
1340
1397
1399
1351
1368
1390
1400
1373
1401
1345
1373
1352
1402
1347
1401
1403
1402
1404
1349
1405
1404
1399
1406
1399
1407
1355
1408
1408
1408
1409
1410
1411
1410
1371
1412
1413
1367
1414
1415
1415
1416
1417
1417
1417
1418
1419
1419
1420
1421
1422
1423
1368
1424
1425
1420
1426
1427
1409
1416
1428
1372
1429
1412
1427
1430
1377
1431
1377
1378
1432
1433
1434
1380
1435
1436
1437
1382
1438
1435
1439
1384
1438
1440
1441
1442
1387
1442
1443
1443
1431
1439
1392
1445
1390
1446
1447
1448
1449
1450
1451
1453
1454
1395
1403
1453
1406
1455
1455
1456
1398
1457
1458
1456
1459
1462
1425
1446
1430
1463
1430
1464
1465
1466
1466
1467
1406
1466
1468
1469
1470
1412
1471
1472
1473
1474
1471
1475
1476
1477
1478
1478
1479
1480
1481
1482
1477
1481
1477
1483
1423
1484
1485
1425
1486
1486
1426
1487
1488
1488
1475
1489
1487
1490
1429
1448
1492
1474
1490
1492
1493
1433
1436
1494
1493
1457
1495
1496
1497
1497
1498
1499
1500
1501
1501
1502
1503
1504
1503
1505
1501
1506
1507
1496
1499
1447
1463
1508
1449
1509
1448
1510
1490
1511
1512
1513
1454
1508
1513
1461
1514
1455
1515
1514
1515
1516
1460
1516
1517
1518
1462
1519
1520
1460
1518
1521
1522
1469
1470
1492
1523
1467
1524
1515
1523
1525
1526
1527
1469
1519
1528
1472
1473
1530
1531
1532
1533
1530
1534
1529
1535
1529
1480
1536
1482
1537
1538
1539
1540
1484
1489
1541
1542
1543
1537
1543
1544
1545
1546
1530
1547
1546
1548
1542
1549
1550
1537
1544
1524
1502
1495
1552
1553
1554
1555
1555
1556
1502
1557
1499
1553
1559
1560
1504
1558
1561
1561
1562
1563
1506
1564
1507
1565
1523
1567
1510
1511
1548
1567
1568
1512
1570
1571
1572
1514
1572
1573
1574
1519
1575
1520
1554
1576
1566
1577
1578
1579
1580
1522
1577
1581
1582
1583
1584
1585
1586
1526
1584
1587
1527
1588
1586
1579
1590
1531
1591
1550
1591
1592
1585
1592
1549
1541
1593
1594
1595
1540
1595
1596
1597
1594
1597
1598
1599
1546
1600
1601
1602
1603
1604
1605
1550
1591
1606
1606
1607
1598
1608
1568
1570
1612
1613
1590
1555
1614
1615
1616
1617
1566
1618
1558
1561
1620
1619
1614
1621
1622
1621
1623
1624
1625
1619
1624
1625
1626
1623
1627
1629
1572
1631
1606
1632
1633
1634
1607
1635
1634
1635
1636
1637
1574
1583
1638
1575
1587
1578
1581
1577
1639
1640
1641
1580
1589
1615
1639
1642
1583
1639
1630
1643
1644
1586
1631
1645
1645
1646
1647
1646
1646
1615
1648
1649
1596
1650
1651
1652
1610
1653
1652
1654
1655
1656
1602
1650
1657
1605
1658
1659
1603
1659
1660
1653
1660
1609
1661
1605
1612
1662
1607
1663
1664
1658
1665
1666
1662
1655
1667
1661
1667
1668
1669
1670
1672
1673
1674
1617
1640
1675
1672
1676
1628
1629
1676
1678
1622
1679
1680
1681
1682
1681
1683
1680
1684
1685
1686
1627
1687
1688
1689
1641
1641
1690
1632
1693
1649
1694
1643
1669
1695
1669
1696
1637
1695
1697
1638
1693
1644
1647
1698
1699
1700
1699
1701
1702
1703
1702
1704
1649
1693
1705
1663
1654
1706
1656
1707
1707
1654
1708
1709
1710
1711
1706
1712
1664
1713
1662
1713
1714
1715
1714
1716
1717
1666
1718
1666
1719
1720
1721
1708
1723
1670
1717
1724
1725
1726
1673
1682
1728
1683
1728
1675
1729
1730
1689
1699
1678
1731
1679
1732
1731
1733
1727
1734
1731
1735
1689
1736
1727
1737
1686
1732
1738
1739
1687
1740
1688
1734
1741
1742
1743
1744
1745
1746
1747
1748
1751
1718
1752
1702
1754
1697
1719
1724
1754
1755
1701
1704
1756
1744
1729
1756
1757
1759
1743
1753
1759
1760
1761
1751
1761
1762
1763
1764
1714
1765
1762
1765
1766
1711
1767
1768
1715
1720
1769
1770
1771
1772
1771
1773
1774
1722
1770
1775
1776
1771
1777
1775
1778
1767
1780
1726
1754
1781
1776
1782
1730
1783
1758
1784
1785
1748
1733
1746
1734
1786
1787
1736
1737
1788
1741
1783
1783
1789
1739
1746
1790
1791
1792
1793
1795
1796
1797
1798
1798
1799
1757
1796
1747
1800
1801
1749
1802
1788
1803
1804
1806
1807
1808
1752
1809
1810
1811
1812
1813
1775
1809
1814
1815
1799
1816
1817
1818
1815
1818
1819
1820
1769
1821
1766
1821
1822
1772
1780
1823
1824
1768
1822
1825
1773
1826
1776
1827
1827
1773
1828
1829
1779
1828
1830
1831
1832
1833
1830
1834
1835
1824
1839
1811
1840
1841
1813
1841
1842
1843
1785
1844
1843
1787
1801
1803
1807
1845
1843
1846
1793
1847
1848
1847
1849
1850
1850
1851
1795
1806
1852
1807
1853
1853
1854
1852
1855
1812
1856
1857
1858
1801
1802
1862
1848
1803
1863
1845
1805
1859
1863
1861
1864
1865
1866
1867
1868
1810
1869
1870
1871
1872
1817
1873
1831
1873
1874
1858
1875
1844
1854
1876
1870
1877
1858
1877
1878
1879
1869
1878
1880
1881
1824
1882
1880
1883
1884
1837
1882
1885
1834
1886
1829
1887
1888
1889
1888
1890
1842
1886
1890
1886
1891
1892
1888
1895
1836
1887
1896
1839
1897
1898
1898
1887
1899
1900
1901
1870
1902
1902
1903
1904
1904
1905
1846
1906
1907
1851
1908
1909
1910
1911
1912
1913
1853
1914
1915
1904
1915
1856
1914
1916
1917
1918
1876
1918
1919
1920
1860
1862
1921
1922
1924
1925
1863
1909
1926
1867
1926
1927
1868
1928
1867
1906
1929
1930
1930
1931
1874
1932
1872
1901
1933
1917
1879
1903
1878
1934
1935
1936
1879
1937
1938
1939
1882
1940
1941
1884
1942
1943
1899
1941
1889
1893
1944
1895
1945
1946
1946
1947
1891
1903
1949
1950
1951
1952
1952
1953
1954
1951
1954
1957
1958
1957
1959
1960
1961
1959
1962
1902
1954
1963
1955
1964
1965
1966
1967
1936
1907
1926
1967
1968
1911
1922
1969
1922
1970
1971
1972
1972
1973
1928
1974
1929
1935
1975
1976
1975
1977
1974
1977
1920
1978
1979
1934
1937
1980
1981
1982
1971
1983
1980
1984
1986
1927
1986
1987
1988
1988
1989
1976
1991
1967
1992
1993
1994
1995
1933
1937
1996
1979
1997
1998
1999
1974
2000
1978
2001
1999
1999
2002
1940
1942
2003
1960
2003
2003
2004
2005
2006
2007
1947
1958
2008
2009
2010
2007
2011
1956
2009
2012
1950
1966
2013
2010
2014
2010
2015
2016
2014
2017
2019
2020
2021
2020
2022
1960
2023
2025
2024
2025
2005
2008
2023
1964
2026
2027
1997
2028
1966
1996
2026
2002
2029
2031
1971
1973
2032
1982
2033
2034
2035
2036
1991
2037
1990
2038
1979
2039
1998
2040
2041
2042
2043
1982
2043
2044
2032
2044
2045
2042
2046
1987
1995
2047
2048
2049
1989
2050
2031
2033
1994
2051
2052
2053
2054
1993
2000
2055
2054
2056
1995
2057
2058
2059
2060
2059
2061
2060
2001
2054
2030
2062
2060
2064
2006
2065
2063
2066
2066
2068
2069
2022
2069
2011
2070
2071
2020
2072
2073
2026
2027
2075
2027
2076
2077
2073
2076
2078
2018
2028
2079
2078
2081
2082
2022
2023
2083
2084
2085
2086
2064
2088
2059
2089
2090
2091
2055
2055
2092
2093
2036
2044
2049
2095
2095
2096
2036
2096
2097
2098
2038
2039
2099
2053
2100
2053
2101
2041
2102
2103
2061
2101
2104
2049
2105
2106
2107
2108
2109
2110
2111
2058
2112
2111
2113
2114
2115
2113
2116
2117
2093
2116
2118
2058
2100
2119
2119
2120
2057
2120
2121
2118
2122
2122
2123
2123
2124
2092
2102
2125
2069
2128
2065
2088
2129
2085
2128
2068
2077
2072
2130
2131
2071
2073
2132
2076
2133
2132
2134
2136
2075
2137
2138
2139
2089
2133
2137
2090
2140
2141
2083
2143
2144
2082
2135
2145
2134
2146
2084
2147
2131
2146
2088
2147
2087
2148
2144
2149
2148
2090
2150
2151
2124
2141
2152
2153
2094
2154
2155
2156
2098
2156
2106
2157
2141
2158
2158
2159
2124
2160
2160
2161
2161
2162
2163
2164
2165
2106
2115
2165
2107
2165
2167
2164
2166
2168
2169
2170
2171
2170
2172
2117
2173
2174
2175
2176
2175
2177
2178
2155
2178
2179
2180
2181
2182
2154
2180
2121
2125
2153
2154
2159
2184
2159
2174
2138
2162
2185
2160
2184
2145
2186
2143
2186
2188
2189
2190
2191
2188
2191
2133
2192
2193
2190
2192
2136
2187
2192
2194
2195
2196
2197
2150
2195
2198
2142
2199
2200
2201
2203
2204
2205
2206
2205
2207
2208
2209
2209
2210
2188
2207
2189
2207
2211
2151
2193
2200
2212
2185
2212
2213
2184
2156
2214
2167
2215
2216
2217
2218
2219
2196
2171
2220
2221
2221
2222
2168
2223
2169
2224
2225
2226
2228
2229
2230
2231
2176
2228
2183
2232
2181
2233
2179
2234
2182
2235
2229
2236
2237
2214
2236
2238
2181
2239
2240
2227
2241
2227
2242
2197
2218
2206
2244
2245
2246
2249
2250
2210
2251
2210
2252
2253
2195
2254
2199
2246
2255
2256
2257
2198
2257
2212
2258
2203
2259
2259
2260
2202
2213
2216
2204
2248
2261
2262
2263
2211
2264
2209
2265
2266
2243
2245
2267
2268
2268
2269
2260
2263
2270
2271
2272
2233
2272
2273
2219
2242
2257
2274
2222
2231
2275
2276
2236
2277
2225
2276
2278
2226
2271
2277
2279
2279
2280
2281
2282
2283
2231
2284
2287
2288
2233
2289
2290
2291
2237
2292
2293
2241
2282
2293
2294
2284
2239
2292
2295
2295
2296
2297
2297
2298
2273
2300
2247
2301
2303
2247
2304
2248
2304
2305
2252
2306
2266
2307
2253
2308
2309
2310
2254
2255
2311
2312
2312
2313
2311
2314
2315
2314
2315
2316
2312
2317
2263
2318
2262
2319
2320
2321
2266
2322
2323
2323
2324
2325
2306
2326
2327
2328
2325
2327
2330
2331
2272
2273
2332
2333
2334
2300
2315
2277
2335
2336
2335
2337
2338
2337
2335
2339
2339
2340
2341
2342
2343
2286
2342
2343
2344
2287
2345
2346
2347
2336
2347
2348
2333
2349
2299
2349
2350
2296
2334
2350
2351
2343
2352
2338
2351
2353
2354
2355
2352
2356
2341
2342
2357
2358
2359
2302
2328
2360
2362
2324
2361
2363
2313
2365
2360
2366
2368
2369
2370
2371
2326
2327
2371
2325
2368
2370
2372
2373
2326
2374
2375
2318
2376
2377
2319
2373
2378
2321
2378
2379
2380
2379
2381
2382
2332
2382
2330
2369
2383
2368
2383
2384
2385
2386
2387
2386
2388
2389
2331
2390
2391
2390
2392
2393
2394
2396
2359
2393
2397
2397
2398
2399
2398
2400
2401
2402
2403
2404
2348
2404
2405
2346
2406
2407
2403
2408
2407
2409
2407
2410
2411
2412
2413
2352
2414
2354
2415
2356
2415
2416
2357
2417
2418
2419
2402
2413
2420
2376
2395
2422
2362
2423
2388
2424
2364
2423
2425
2426
2366
2367
2427
2422
2380
2391
2428
2429
2375
2428
2431
2431
2432
2387
2427
2432
2377
2393
2433
2434
2435
2434
2436
2436
2437
2438
2439
2396
2440
2394
2436
2441
2386
2388
2442
2425
2441
2443
2430
2389
2444
2445
2446
2447
2448
2449
2450
2451
2452
2396
2452
2411
2400
2453
2454
2453
2455
2401
2456
2418
2459
2404
2460
2461
2410
2462
2421
2463
2464
2465
2457
2464
2466
2453
2455
2467
2454
2468
2412
2469
2452
2470
2416
2470
2417
2461
2471
2472
2473
2418
2474
2473
2475
2476
2460
2475
2477
2478
2479
2480
2446
2481
2482
2482
2483
2426
2484
2448
2485
2438
2446
2487
2444
2487
2434
2488
2438
2488
2435
2489
2490
2491
2492
2439
2493
2494
2495
2486
2495
2469
2493
2448
2443
2496
2497
2484
2498
2499
2500
2447
2483
2496
2501
2502
2503
2504
2504
2505
2506
2506
2505
2507
2508
2510
2511
2510
2512
2513
2514
2509
2513
2479
2515
2466
2516
2462
2516
2517
2518
2519
2520
2514
2521
2467
2520
2522
2523
2524
2525
2526
2522
2527
2478
2478
2528
2473
2529
2529
2530
2531
2516
2532
2477
2531
2533
2523
2532
2534
2535
2518
2536
2539
2540
2542
2543
2544
2545
2544
2546
2547
2548
2500
2500
2549
2491
2508
2550
2491
2492
2549
2551
2494
2508
2552
2553
2554
2554
2555
2556
2557
2498
2557
2503
2558
2559
2502
2539
2555
2542
2560
2561
2562
2546
2563
2564
2564
2565
2528
2515
2526
2567
2569
2570
2571
2572
2533
2574
2575
2527
2575
2576
2577
2521
2578
2579
2579
2580
2581
2582
2579
2583
2571
2584
2575
2582
2584
2567
2580
2585
2569
2586
2582
2530
2587
2566
2588
2550
2589
2590
2591
2592
2593
2571
2590
2535
2552
2587
2574
2594
2537
2595
2597
2547
2598
2541
2548
2543
2545
2599
2542
2600
2601
2556
2601
2602
2603
2556
2604
2605
2606
2607
2608
2555
2609
2554
2559
2566
2612
2612
2613
2553
2614
2587
2615
2616
2617
2618
2562
2619
2621
2622
2613
2621
2561
2623
2624
2622
2625
2626
2605
2627
2628
2629
2611
2628
2630
2568
2631
2596
2632
2572
2573
2633
2634
2597
2635
2636
2637
2638
2639
2592
2580
2596
2640
2595
2641
2642
2581
2641
2643
2644
2645
2635
2646
2647
2644
2592
2648
2586
2645
2649
2650
2589
2591
2638
2651
2638
2652
2593
2653
2654
2654
2614
2639
2655
2656
2658
2659
2660
2611
2662
2663
2601
2664
2665
2620
2666
2667
2604
2607
2666
2668
2669
2608
2670
2667
2670
2661
2671
2662
2672
2673
2674
2664
2677
2678
2679
2675
2616
2680
2681
2617
2682
2624
2674
2619
2683
2684
2626
2685
2679
2682
2686
2687
2665
2688
2689
2686
2688
2626
2689
2690
2629
2691
2692
2662
2693
2693
2694
2649
2695
2695
2696
2634
2697
2698
2699
2700
2660
2697
2659
2701
2698
2702
2703
2704
2705
2642
2706
2707
2656
2708
2709
2710
2707
2711
2647
2712
2648
2699
2713
2714
2711
2681
2704
2716
2653
2700
2717
2715
2718
2713
2719
2720
2660
2721
2658
2720
2696
2706
2722
2722
2668
2723
2725
2668
2727
2665
2673
2684
2728
2729
2730
2731
2683
2728
2732
2692
2733
2672
2729
2734
2725
2733
2676
2735
2680
2735
2680
2737
2738
2727
2740
2741
2716
2742
2742
2743
2744
2745
2686
2745
2746
2747
2689
2746
2747
2748
2690
2748
2749
2735
2750
2751
2751
2752
2693
2753
2754
2755
2757
2757
2712
2759
2760
2761
2712
2762
2762
2763
2703
2758
2764
2765
2766
2760
2767
2717
2768
2737
2756
2768
2710
2769
2714
2770
2709
2771
2772
2720
2773
2770
2774
2718
2769
2775
2776
2776
2777
2776
2778
2762
2779
2780
2781
2771
2779
2782
2782
2783
2724
2734
2784
2726
2785
2786
2786
2787
2731
2747
2788
2730
2788
2733
2732
2784
2740
2789
2790
2786
2791
2792
2737
2793
2794
2743
2792
2793
2795
2741
2795
2746
2796
2797
2777
2744
2798
2768
2799
2777
2800
2801
2802
2750
2800
2752
2803
2751
2804
2805
2806
2807
2755
2807
2808
2809
2794
2811
2769
2812
2767
2814
2783
2815
2816
2816
2817
2763
2818
2819
2820
2821
2822
2783
2816
2823
2811
2819
2824
2767
2825
2826
2827
2828
2829
2830
2831
2773
2832
2833
2834
2835
2815
2820
2828
2836
2837
2838
2822
2827
2837
2810
2839
2781
2840
2835
2810
2841
2841
2789
2808
2842
2843
2842
2844
2791
2845
2791
2846
2843
2847
2798
2804
2798
2848
2848
2849
2850
2797
2801
2851
2849
2852
2853
2800
2853
2854
2855
2805
2856
2857
2858
2855
2859
2853
2860
2860
2861
2861
2862
2863
2863
2864
2864
2865
2866
2869
2870
2813
2871
2868
2872
2873
2874
2875
2876
2818
2876
2877
2878
2879
2878
2880
2881
2879
2881
2882
2880
2882
2873
2883
2884
2825
2885
2886
2826
2887
2877
2888
2854
2870
2834
2871
2836
2889
2833
2890
2891
2892
2891
2893
2894
2895
2891
2838
2855
2840
2890
2896
2867
2897
2884
2889
2844
2898
2899
2900
2901
2902
2858
2903
2847
2904
2905
2903
2906
2850
2869
2860
2907
2908
2852
2904
2911
2910
2912
2913
2855
2914
2857
2861
2915
2916
2917
2862
2918
2919
2920
2920
2899
2921
2901
2922
2923
2926
2927
2928
2895
2929
2908
2913
2880
2914
2893
2888
2924
2930
2927
2930
2889
2881
2931
2883
2931
2886
2932
2886
2933
2931
2934
2935
2936
2937
2938
2927
2939
2887
2940
2941
2942
2943
2932
2944
2945
2946
2947
2948
2894
2947
2949
2895
2950
2897
2951
2952
2953
2954
2955
2947
2956
2902
2906
2958
2959
2958
2960
2961
2962
2963
2917
2964
2966
2967
2909
2967
2968
2964
2968
2908
2919
2969
2940
2957
2970
2971
2972
2915
2966
2973
2969
2974
2975
2914
2919
2918
2916
2976
2977
2978
2978
2979
2935
2980
2980
2980
2981
2959
2982
2983
2961
2982
2984
2984
2985
2944
2987
2926
2988
2989
2955
2992
2992
2956
2993
2952
2994
2937
2995
2996
2937
2997
2934
2935
2998
2936
2999
2936
3000
2996
3001
2945
3002
3002
3003
3004
2997
2998
3003
2986
3004
2986
3005
2954
3006
3007
3007
3008
3009
3008
3010
3011
3012
3013
3010
3012
2991
3014
3015
3016
3017
3018
3013
3019
2962
3020
2965
3021
2960
3022
2963
3023
2968
3024
3025
3026
2965
3027
3028
2978
3029
2972
3029
3030
3002
3031
2972
3032
2975
3033
2974
2976
3035
3031
3036
3034
3037
2981
3039
3039
3040
3040
3040
3041
3042
3038
3042
3043
3044
3045
3046
3047
3048
3049
3050
3052
3053
3054
3017
2990
3055
3056
3054
3057
3017
3061
3062
3063
3064
3065
3053
3063
3066
2999
3067
3068
3042
3069
3070
3001
3067
3071
3070
3034
3031
3068
3034
3050
3050
3068
3072
3073
3009
3075
3076
3078
3077
3079
3080
3065
3079
3059
3081
3015
3060
3082
3083
3084
3018
3073
3085
3086
3062
3087
3064
3075
3081
3088
3089
3022
3026
3090
3043
3046
3091
3025
3088
3092
3091
3093
3043
3094
3030
3095
3096
3090
3096
3097
3098
3092
3099
3042
3033
3101
3102
3036
3097
3103
3104
3105
3051
3105
3106
3107
3106
3108
3109
3095
3110
3111
3045
3047
3111
3112
3113
3114
3049
3114
3115
3112
3116
3051
3117
3118
3119
3120
3055
3121
3122
3063
3125
3057
3123
3126
3059
3065
3127
3128
3129
3082
3086
3074
3131
3131
3129
3132
3133
3071
3121
3134
3069
3135
3136
3070
3107
3137
3120
3136
3138
3074
3139
3083
3140
3141
3141
3143
3079
3141
3144
3143
3145
3146
3146
3147
3084
3130
3129
3148
3149
3150
3087
3150
3151
3124
3152
3152
3153
3100
3154
3101
3154
3155
3156
3157
3158
3159
3094
3156
3160
3155
3161
3162
3159
3102
3163
3099
3109
3163
3162
3164
3157
3165
3167
3105
3167
3104
3108
3168
3136
3138
3117
3169
3170
3110
3169
3162
3171
3161
3172
3173
3172
3174
3175
3176
3116
3177
3178
3179
3138
3180
3122
3181
3182
3121
3183
3184
3184
3185
3186
3187
3188
3126
3189
3190
3191
3192
3194
3195
3147
3195
3197
3198
3153
3199
3147
3200
3144
3194
3199
3201
3136
3137
3202
3184
3185
3151
3203
3204
3143
3203
3205
3145
3206
3207
3203
3208
3208
3197
3204
3209
3209
3210
3211
3152
3210
3212
3213
3214
3190
3215
3158
3216
3160
3176
3217
3218
3164
3219
3160
3220
3221
3176
3222
3223
3168
3224
3224
3225
3216
3226
3228
3180
3224
3169
3229
3171
3202
3230
3230
3231
3233
3174
3179
3234
3228
3235
3236
3236
3237
3235
3237
3238
3239
3240
3241
3242
3243
3240
3244
3186
3241
3245
3246
3229
3240
3189
3201
3188
3191
3249
3214
3250
3251
3252
3253
3254
3254
3255
3193
3255
3256
3247
3257
3257
3197
3258
3259
3260
3211
3261
3260
3262
3251
3264
3264
3265
3267
3208
3257
3268
3267
3269
3262
3270
3271
3212
3272
3270
3273
3263
3274
3215
3275
3254
3272
3253
3261
3276
3218
3277
3278
3227
3279
3276
3280
3281
3221
3280
3282
3233
3283
3225
3231
3232
3284
3281
3284
3279
3285
3286
3286
3287
3231
3284
3288
3288
3289
3291
3239
3291
3292
3293
3277
3283
3294
3295
3239
3296
3297
3298
3284
3252
3300
3244
3300
3301
3247
3256
3302
3281
3299
3246
3303
3288
3250
3273
3255
3304
3304
3305
3306
3307
3256
3308
3275
3307
3309
3310
3311
3313
3260
3314
3270
3315
3316
3307
3316
3317
3271
3319
3316
3321
3271
3322
3321
3323
3323
3269
3313
3317
3324
3325
3326
3305
3327
3305
3328
3319
3327
3329
3318
3329
3285
3299
3286
3332
3282
3333
3334
3334
3335
3336
3337
3289
3336
3338
3292
3332
3339
3340
3342
3293
3343
3290
3303
3337
3344
3297
3297
3345
3294
3346
3347
3348
3349
3298
3348
3350
3351
3301
3303
3352
3339
3353
3344
3354
3355
3356
3320
3357
3320
3311
3358
3359
3310
3327
3329
3355
3360
3360
3361
3313
3317
3362
3363
3364
3364
3365
3363
3366
3320
3367
3368
3322
3369
3370
3324
3371
3372
3373
3326
3328
3365
3368
3374
3356
3375
3376
3367
3331
3338
3378
3378
3379
3338
3378
3380
3340
3381
3382
3340
3383
3384
3385
3377
3386
3387
3342
3389
3343
3390
3346
3391
3379
3392
3393
3392
3394
3349
3395
3396
3397
3398
3399
3397
3400
3393
3400
3386
3401
3402
3361
3404
3405
3407
3356
3408
3375
3359
3409
3410
3411
3412
3413
3414
3414
3415
3416
3417
3418
3366
3369
3422
3420
3423
3372
3424
3409
3375
3425
3372
3426
3374
3426
3427
3428
3429
3428
3430
3423
3431
3432
3420
3433
3434
3436
3390
3436
3381
3437
3438
3387
3439
3439
3440
3441
3384
3385
3442
3391
3438
3387
3443
3442
3434
3441
3440
3392
3444
3402
3445
3446
3447
3396
3445
3399
3448
3449
3398
3450
3451
3452
3453
3454
3410
3455
3456
3442
3456
3405
3457
3406
3417
3458
3416
3459
3407
3408
3460
3415
3432
3414
3461
3462
3413
3462
3463
3416
3461
3464
3465
3417
3466
3467
3468
3424
3469
3422
3470
3471
3472
3424
3473
3423
3426
3474
3429
3475
3476
3477
3478
3479
3480
3481
3482
3482
3483
3475
3478
3484
3476
3485
3485
3443
3457
3436
3446
3487
3488
3439
3488
3489
3442
3490
3491
3444
3492
3491
3493
3455
3491
3488
3496
3498
3499
3500
3454
3499
3501
3503
3452
3499
3504
3505
3505
3506
3507
3454
3507
3506
3508
3509
3510
3511
3490
3512
3494
3511
3459
3468
3514
3467
3513
3485
3511
3515
3512
3516
3464
3516
3517
3515
3518
3519
3519
3520
3521
3468
3518
3521
3482
3522
3473
3523
3524
3474
3525
3474
3526
3527
3528
3520
3529
3479
3481
3523
3530
3530
3483
3531
3526
3532
3532
3532
3533
3527
3534
3535
3536
3490
3539
3488
3539
3540
3490
3510
3539
3510
3493
3496
3541
3495
3542
3543
3538
3544
3545
3546
3547
3548
3546
3548
3549
3549
3501
3550
3551
3552
3503
3508
3553
3554
3553
3555
3556
3557
3558
3558
3559
3556
3560
3559
3561
3551
3562
3542
3563
3564
3565
3565
3567
3516
3569
3570
3571
3572
3573
3571
3574
3574
3575
3573
3576
3577
3526
3578
3525
3578
3527
3580
3581
3529
3534
3583
3536
3584
3535
3586
3587
3586
3587
3581
3588
3578
3589
3537
3568
3581
3541
3590
3591
3545
3550
3591
3592
3593
3594
3544
3563
3566
3594
3595
3593
3596
3597
3598
3554
3599
3597
3599
3552
3555
3600
3601
3602
3603
3604
3605
3605
3606
3607
3604
3608
3560
3609
3610
3604
3611
3562
3608
3612
3613
3569
3594
3572
3614
3615
3616
3614
3576
3616
3617
3618
3619
3620
3621
3573
3622
3619
3623
3623
3624
3584
3625
3626
3626
3627
3628
3629
3630
3580
3631
3632
3630
3633
3582
3636
3637
3638
3639
3618
3639
3589
3640
3641
3643
3628
3644
3636
3638
3645
3645
3646
3595
3647
3593
3597
3647
3650
3651
3652
3598
3600
3653
3654
3603
3655
3606
3657
3603
3658
3602
3613
3607
3659
3659
3660
3606
3661
3663
3664
3665
3664
3666
3610
3667
3668
3612
3668
3669
3670
3664
3619
3648
3616
3627
3671
3649
3618
3626
3672
3673
3674
3651
3675
3676
3676
3677
3678
3679
3627
3680
3679
3681
3681
3682
3683
3682
3684
3685
3686
3631
3646
3634
3687
3688
3644
3688
3689
3687
3690
3636
3693
3691
3695
3696
3697
3698
3683
3699
3642
3700
3701
3689
3702
3696
3644
3703
3685
3693
3701
3689
3690
3654
3671
3705
3671
3706
3651
3653
3707
3652
3708
3709
3709
3710
3655
3711
3709
3712
3657
3713
3711
3714
3659
3715
3716
3669
3719
3720
3662
3663
3719
3713
3717
3665
3714
3721
3722
3723
3667
3720
3721
3724
3725
3670
3725
3718
3726
3727
3673
3706
3728
3729
3675
3680
3705
3730
3731
3707
3732
3733
3680
3733
3734
3735
3684
3694
3735
3736
3737
3738
3739
3727
3737
3740
3741
3741
3742
3743
3741
3744
3745
3693
3748
3697
3729
3749
3750
3752
3739
3739
3753
3698
3754
3749
3755
3701
3756
3729
3738
3749
3757
3758
3759
3757
3760
3762
3708
3764
3765
3727
3765
3766
3767
3730
3768
3769
3715
3767
3770
3712
3763
3716
3771
3714
3772
3723
3773
3723
3774
3775
3776
3775
3777
3775
3778
3724
3778
3722
3778
3779
3780
3725
3781
3782
3777
3783
3784
3729
3736
3766
3765
3785
3732
3733
3786
3787
3788
3735
3737
3789
3790
3738
3791
3792
3793
3794
3762
3795
3796
3747
3796
3744
3746
3748
3745
3797
3748
3760
3798
3800
3801
3803
3804
3805
3752
3802
3806
3759
3807
3809
3810
3756
3761
3809
3756
3802
3811
3759
3812
3759
3761
3813
3814
3815
3816
3817
3819
3821
3822
3823
3805
3824
3825
3769
3826
3827
3770
3771
3773
3828
3774
3829
3776
3830
3774
3831
3832
3833
3833
3834
3835
3780
3835
3830
3832
3782
3836
3837
3834
3837
3792
3823
3824
3827
3838
3839
3787
3788
3838
3840
3789
3790
3841
3842
3792
3824
3843
3844
3794
3843
3845
3808
3846
3796
3847
3848
3848
3849
3850
3851
3800
3849
3852
3848
3853
3807
3814
3851
3855
3804
3811
3845
3856
3857
3858
3859
3813
3858
3860
3861
3862
3863
3846
3863
3864
3865
3813
3814
3866
3867
3868
3818
3850
3868
3862
3867
3847
3820
3829
3869
3870
3826
3872
3873
3874
3839
3874
3857
3828
3840
3829
3875
3828
3876
3877
3878
3869
3879
3880
3878
3880
3879
3881
3882
3883
3879
3884
3884
3885
3886
3840
3887
3888
3889
3890
3842
3844
3887
3891
3892
3889
3892
3856
3893
3861
3893
3894
3895
3895
3896
3895
3897
3858
3899
3901
3902
3902
3903
3857
3874
3904
3859
3864
3891
3905
3891
3908
3909
3892
3910
3911
3914
3865
3915
3907
3916
3893
3916
3867
3917
3918
3919
3920
3878
3922
3923
3872
3924
3873
3925
3926
3926
3876
3925
3929
3888
3930
3930
3931
3932
3935
3882
3936
3937
3886
3939
3933
3932
3886
3936
3940
3941
3889
3942
3943
3944
3943
3942
3945
3946
3947
3921
3948
3903
3897
3898
3949
3950
3951
3952
3953
3900
3920
3954
3953
3955
3949
3956
3956
3948
3957
3926
3958
3945
3947
3959
3959
3960
3909
3918
3962
3963
3964
3911
3946
3967
3912
3947
3968
3968
3969
3915
3918
3970
3963
3969
3963
3971
3919
3972
3973
3974
3951
3975
3923
3976
3977
3978
3979
3979
3944
3980
3944
3938
3981
3978
3981
3982
3931
3983
3984
3983
3985
3935
3977
3936
3986
3939
3987
3935
3983
3988
3939
3989
3989
3990
3941
3991
3992
3985
3985
3993
3994
3946
3958
3993
3995
3996
3950
3952
3957
3997
3953
3997
3998
3998
3955
3962
3999
4000
3957
4001
4002
3994
4004
3995
4004
3961
3971
4005
4006
4007
3964
4008
4009
3966
4010
4013
4014
4015
4017
4018
4019
4021
4022
4021
4023
4007
4009
3973
4024
4008
4023
3975
4024
3999
4025
3986
4027
4028
3984
4029
4028
4030
3980
4031
3984
4032
4033
4034
4030
4036
4037
4038
4039
3988
3990
4040
4041
4042
4042
4043
3992
4046
4041
4047
4047
3994
4017
4048
4007
4018
4002
4026
3998
4049
4013
4050
4051
4012
4051
4052
4053
4054
4054
4055
4004
4056
4057
4059
4060
4061
4050
4062
4022
4063
4062
4063
4064
4012
4052
4066
4067
4052
4068
4069
4016
4058
4064
4070
4071
4072
4073
4061
4074
4020
4074
4075
4076
4078
4061
4080
4081
4050
4082
4083
4084
4029
4086
4034
4087
4088
4031
4089
4090
4048
4090
4091
4035
4036
4092
4042
4093
4094
4095
4096
4038
4039
4088
4091
4072
4097
4098
4099
4044
4046
4099
4045
4094
4100
4101
4101
4102
4102
4103
4057
4073
4055
4068
4083
4104
4082
4105
4106
4069
4107
4084
4107
4108
4108
4109
4059
4110
4112
4113
4111
4114
4115
4116
4081
4117
4080
4112
4112
4118
4066
4122
4123
4124
4124
4125
4106
4126
4126
4127
4118
4128
4129
4129
4130
4131
4076
4131
4109
4132
4133
4109
4134
4078
4079
4135
4080
4081
4081
4136
4137
4138
4139
4085
4139
4085
4140
4087
4141
4093
4142
4143
4142
4144
4145
4108
4144
4131
4146
4093
4147
4148
4149
4148
4150
4151
4145
4147
4151
4101
4153
4099
4102
4154
4149
4150
4155
4156
4157
4157
4105
4159
4160
4125
4161
4139
4162
4126
4163
4164
4165
4113
4130
4113
4167
4167
4168
4116
4169
4170
4132
4171
4118
4159
4172
4173
4121
4127
4176
4124
4177
4178
4179
4180
4181
4162
4181
4182
4183
4128
4184
4185
4185
4186
4159
4187
4173
4187
4174
4188
4189
4133
4190
4191
4192
4189
4193
4137
4191
4195
4172
4194
4196
4171
4197
4161
4198
4199
4200
4142
4143
4158
4201
4146
4146
4202
4201
4203
4204
4201
4205
4149
4206
4154
4207
4208
4209
4164
4166
4213
4156
4212
4215
4211
4216
4217
4218
4219
4218
4220
4221
4222
4161
4223
4224
4199
4225
4200
4226
4165
4227
4190
4228
4229
4230
4188
4197
4169
4230
4231
4232
4233
4171
4197
4234
4191
4222
4235
4188
4235
4236
4177
4237
4238
4239
4240
4183
4241
4186
4242
4239
4242
4243
4240
4244
4198
4246
4247
4184
4247
4224
4237
4225
4226
4248
4237
4249
4250
4204
4232
4251
4252
4253
4254
4228
4255
4256
4259
4260
4196
4252
4261
4262
4263
4261
4199
4264
4265
4266
4221
4203
4227
4255
4267
4268
4255
4206
4208
4269
4207
4270
4210
4217
4210
4271
4214
4268
4272
4273
4275
4276
4277
4214
4278
4279
4280
4270
4281
4219
4275
4282
4283
4284
4285
4285
4286
4281
4285
4288
4289
4249
4259
4259
4292
4247
4293
4240
4294
4248
4295
4228
4279
4296
4278
4297
4232
4297
4236
4298
4299
4234
4300
4301
4252
4261
4249
4263
4301
4302
4303
4304
4305
4245
4306
4307
4308
4309
4311
4312
4244
4314
4315
4246
4317
4318
4319
4320
4321
4322
4323
4261
4263
4301
4296
4299
4324
4253
4258
4325
4257
4324
4325
4291
4291
4326
4327
4328
4262
4329
4331
4262
4332
4334
4335
4319
4336
4295
4288
4291
4338
4279
4339
4289
4290
4340
4283
4287
4272
4340
4341
4339
4342
4284
4341
4344
4277
4345
4346
4345
4347
4348
4349
4286
4280
4350
4351
4342
4282
4283
4352
4353
4349
4354
4355
4345
4356
4290
4293
4331
4337
4303
4357
4295
4307
4336
4322
4351
4358
4360
4361
4361
4362
4360
4363
4325
4363
4364
4365
4362
4365
4305
4323
4308
4366
4367
4367
4368
4307
4311
4369
4317
4310
4370
4314
4321
4370
4371
4322
4372
4313
4373
4374
4320
4375
4316
4376
4377
4318
4378
4376
4379
4369
4380
4379
4381
4321
4381
4357
4382
4331
4368
4327
4363
4329
4338
4358
4358
4383
4383
4330
4384
4385
4386
4333
4386
4387
4388
4384
4387
4389
4365
4368
4389
4390
4391
4392
4395
4396
4396
4397
4398
4399
4400
4401
4402
4403
4406
4349
4406
4407
4408
4407
4409
4410
4409
4411
4412
4351
4360
4402
4397
4414
4415
4354
4414
4416
4417
4356
4418
4391
4420
4421
4361
4422
4423
4423
4424
4425
4384
4426
4427
4427
4430
4420
4431
4432
4376
4433
4420
4434
4435
4436
4373
4382
4437
4438
4439
4440
4377
4434
4441
4442
4443
4444
4445
4446
4390
4447
4445
4448
4394
4449
4393
4450
4451
4385
4388
4453
4392
4454
4388
4454
4456
4427
4432
4457
4458
4459
4460
4457
4398
4398
4421
4402
4421
4461
4401
4419
4403
4462
4463
4416
4462
4464
4464
4465
4405
4466
4467
4413
4469
4466
4471
4408
4472
4473
4474
4475
4476
4415
4472
4477
4475
4478
4479
4417
4471
4478
4465
4480
4481
4482
4483
4483
4484
4472
4485
4461
4486
4487
4488
4480
4489
4490
4425
4489
4426
4427
4491
4426
4492
4493
4491
4494
4430
4494
4495
4496
4432
4496
4497
4454
4437
4448
4498
4436
4499
4500
4443
4501
4438
4460
4440
4503
4502
4504
4448
4504
4444
4449
4505
4447
4506
4507
4446
4508
4507
4509
4510
4511
4512
4513
4512
4514
4488
4515
4492
4516
4517
4517
4518
4519
4518
4520
4521
4456
4459
4520
4521
4459
4487
4522
4521
4523
4524
4488
4486
4525
4465
4466
4526
4527
4528
4529
4530
4468
4531
4532
4533
4532
4534
4533
4535
4536
4535
4537
4539
4540
4541
4476
4542
4477
4543
4544
4545
4546
4547
4548
4538
4547
4549
4529
4534
4482
4484
4545
4550
4551
4548
4551
4539
4527
4552
4497
4499
4527
4492
4528
4553
4554
4554
4555
4493
4554
4556
4555
4557
4500
4558
4559
4555
4560
4521
4560
4506
4524
4561
4562
4563
4501
4562
4564
4567
4568
4569
4568
4570
4514
4563
4571
4572
4512
4573
4511
4564
4574
4571
4573
4574
4565
4575
4576
4576
4577
4561
4575
4578
4516
4527
4579
4528
4580
4556
4580
4556
4581
4582
4583
4581
4563
4569
4526
4550
4552
4530
4584
4529
4585
4531
4537
4586
4587
4588
4586
4589
4553
4590
4591
4592
4593
4594
4550
4592
4594
4595
4541
4596
4542
4597
4598
4599
4544
4544
4600
4601
4602
4548
4603
4596
4603
4604
4591
4605
4606
4595
4600
4607
4608
4608
4609
4610
4611
4612
4611
4614
4615
4560
4562
4616
4612
4617
4618
4619
4620
4621
4622
4624
4567
4625
4626
4627
4628
4629
4630
4578
4627
4629
4631
4632
4573
4617
4631
4633
4634
4635
4636
4633
4637
4621
4618
4638
4582
4609
4582
4585
4640
4641
4642
4641
4643
4585
4642
4646
4590
4592
4647
4588
4646
4648
4649
4650
4651
4652
4610
4649
4594
4655
4656
4652
4657
4657
4658
4659
4599
4601
4660
4661
4659
4662
4602
4663
4604
4664
4665
4666
4659
4667
4606
4668
4669
4666
4670
4663
4668
4671
4672
4642
4611
4673
4640
4640
4674
4614
4673
4675
4615
4674
4616
4676
4674
4677
4635
4678
4645
4620
4622
4677
4632
4644
4679
4634
4680
4624
4626
4681
4636
4683
4684
4685
4686
4687
4638
4688
4684
4689
4630
4690
4645
4634
4691
4635
4692
4693
4694
4687
4695
4696
4687
4698
4641
4699
4700
4701
4702
4702
4703
4704
4649
4705
4648
4651
4706
4707
4708
4709
4653
4707
4710
4711
4712
4712
4654
4711
4669
4713
4714
4672
4706
4714
4713
4715
4671
4715
4716
4717
4661
4718
4719
4720
4717
4718
4664
4721
4667
4722
4723
4724
4724
4725
4724
4726
4727
4728
4672
4728
4729
4730
4700
4731
4700
4732
4733
4733
4735
4704
4735
4736
4680
4697
4735
4738
4686
4739
4683
4696
4740
4741
4742
4742
4743
4743
4744
4745
4689
4690
4746
4747
4748
4749
4694
4750
4751
4751
4752
4753
4695
4736
4741
4754
4750
4755
4756
4737
4745
4746
4701
4704
4757
4701
4758
4705
4705
4759
4760
4761
4708
4762
4763
4711
4764
4763
4765
4710
4731
4760
4734
4766
4767
4768
4769
4768
4771
4728
4762
4771
4772
4773
4774
4775
4722
4776
4777
4776
4778
4722
4723
4730
4779
4773
4780
4774
4779
4727
4729
4781
4782
4783
4782
4784
4773
4784
4732
4758
4734
4785
4785
4786
4788
4789
4790
4791
4753
4756
4793
4740
4795
4797
4796
4798
4750
4798
4747
4799
4800
4745
4797
4800
4801
4802
4803
4803
4804
4802
4752
4806
4790
4806
4805
4807
4808
4809
4789
4801
4810
4756
4794
4809
4761
4811
4812
4760
4811
4765
4813
4813
4788
4814
4768
4815
4816
4765
4766
4817
4818
4813
4819
4769
4817
4820
4821
4822
4823
4820
4825
4826
4782
4827
4828
4830
4775
4777
4832
4780
4833
4779
4834
4835
4836
4837
4839
4840
4815
4836
4841
4842
4843
4787
4819
4844
4826
4843
4845
4846
4805
4847
4801
4842
4848
4849
4808
4845
4848
4850
4796
4851
4852
4854
4855
4810
4856
4857
4858
4803
4855
4854
4860
4861
4858
4861
4809
4862
4863
4863
4864
4865
4854
4866
4843
4867
4814
4868
4867
4870
4816
4871
4818
4872
4873
4874
4875
4876
4872
4877
4822
4827
4878
4879
4880
4824
4877
4879
4881
4882
4882
4883
4876
4884
4840
4885
4831
4885
4886
4881
4886
4831
4887
4888
4834
4835
4889
4890
4890
4891
4892
4838
4893
4888
4894
4840
4895
4896
4898
4887
4898
4899
4844
4900
4900
4849
4875
4870
4900
4847
4866
4901
4862
4902
4905
4906
4865
4907
4908
4909
4910
4910
4911
4859
4909
4912
4909
4913
4862
4866
4914
4915
4916
4917
4918
4918
4919
4920
4869
4922
4922
4923
4924
4920
4923
4925
4868
4926
4927
4870
4928
4927
4878
4897
4930
4876
4931
4874
4880
4932
4930
4926
4933
4934
4882
4935
4896
4936
4937
4938
4936
4939
4938
4940
4941
4884
4941
4942
4943
4944
4943
4944
4946
4947
4894
4949
4950
4951
4893
4951
4949
4899
4952
4898
4953
4954
4897
4955
4944
4953
4956
4926
4957
4921
4912
4958
4905
4908
4906
4924
4959
4960
4962
4963
4964
4965
4966
4914
4966
4967
4913
4925
4965
4968
4969
4970
4917
4971
4972
4919
4972
4973
4974
4975
4976
4968
4976
4977
4978
4979
4928
4979
4964
4978
4964
4980
4957
4969
4927
4981
4982
4981
4983
4984
4936
4932
4935
4985
4939
4986
4934
4960
4981
4942
4985
4937
4987
4955
4939
4988
4943
4989
4990
4945
4991
4992
4987
4991
4993
4994
4995
4996
4998
4947
4999
5000
4952
4949
5001
4951
4956
5002
5003
5000
5004
5005
5006
5007
5008
5000
5009
5011
4968
5012
5013
4980
5014
4962
4967
4977
5015
5016
5017
5018
5019
5019
5020
4970
5021
5018
5019
5022
4977
5023
5024
5025
4975
5026
5026
5027
5028
5029
5018
5030
5031
4979
5032
5033
4982
5034
4982
4983
5035
5036
5037
4994
5036
5036
5038
4994
5039
4989
5040
5041
4992
4995
5008
5038
5040
5039
5042
5041
5043
5010
5014
5044
5045
4996
5046
5006
5047
4998
5046
5048
5043
5049
5047
5050
5051
5052
5054
5055
5003
5055
5056
5057
5058
5059
5060
5008
5060
5056
5061
5062
5013
5063
5022
5065
5014
5065
5034
5067
5068
5069
5017
5065
5070
5034
5071
5072
5073
5021
5074
5066
5075
5023
5077
5075
5078
5029
5079
5026
5080
5081
5082
5083
5084
5085
5086
5072
5084
5087
5032
5068
5078
5088
5089
5088
5090
5091
5092
5095
5092
5095
5096
5041
5097
5060
5098
5099
5100
5046
5101
5090
5102
5103
5097
5103
5104
5105
5059
5105
5106
5107
5106
5109
5052
5110
5111
5061
5112
5054
5113
5114
5115
5116
5116
5117
5112
5113
5059
5110
5119
5120
5121
5122
5123
5117
5123
5102
5124
5125
5072
5127
5128
5076
5129
5130
5132
5133
5134
5076
5134
5089
5135
5136
5073
5074
5077
5137
5138
5138
5139
5125
5127
5138
5126
5140
5086
5141
5142
5081
5141
5143
5082
5087
5131
5137
5144
5086
5145
5146
5128
5147
5094
5126
5133
5148
5091
5135
5149
5150
5149
5148
5150
5151
5148
5096
5104
5152
5153
5154
5099
5121
5152
5154
5155
5153
5156
5157
5107
5155
5158
5159
5160
5161
5162
5161
5163
5106
5158
5164
5108
5165
5156
5111
5166
5118
5167
5112
5168
5122
5169
5116
5169
5170
5171
5172
5173
5123
5174
5167
5175
5175
5176
5177
5177
5169
5178
5179
5181
5182
5183
5184
5130
5139
5185
5186
5187
5137
5188
5140
5186
5189
5136
5190
5136
5182
5150
5160
5191
5192
5193
5194
5195
5195
5196
5197
5198
5199
5200
5197
5201
5145
5147
5203
5198
5204
5205
5184
5198
5207
5161
5208
5209
5209
5210
5163
5162
5211
5163
5211
5212
5213
5212
5214
5181
5214
5165
5176
5162
5181
5215
5191
5216
5217
5218
5219
5165
5220
5221
5168
5180
5222
5174
5223
5223
5224
5225
5171
5227
5228
5229
5173
5228
5230
5231
5232
5233
5213
5234
5213
5235
5224
5225
5236
5230
5231
5236
5237
5238
5239
5191
5241
5193
5242
5243
5243
5245
5195
5246
5247
5202
5244
5248
5190
5246
5250
5251
5252
5252
5193
5203
5248
5253
5253
5254
5255
5255
5256
5257
5200
5258
5259
5206
5260
5261
5262
5263
5243
5264
5205
5264
5265
5263
5267
5268
5210
5251
5269
5209
5271
5272
5274
5275
5212
5276
5277
5278
5279
5216
5218
5280
5272
5281
5218
5219
5271
5276
5270
5276
5221
5222
5282
5284
5285
5286
5287
5238
5286
5226
5227
5238
5288
5289
5290
5291
5290
5292
5291
5293
5234
5287
5294
5235
5294
5278
5282
5295
5289
5293
5285
5296
5297
5240
5280
5298
5299
5249
5252
5299
5300
5301
5245
5254
5305
5247
5306
5303
5307
5308
5309
5303
5310
5251
5311
5312
5313
5313
5300
5309
5309
5314
5315
5316
5316
5312
5259
5261
5262
5265
5302
5317
5318
5318
5319
5320
5308
5321
5308
5322
5323
5324
5267
5268
5324
5325
5317
5275
5312
5273
5326
5272
5273
5274
5327
5281
5328
5329
5330
5330
5331
5332
5295
5331
5283
5298
5332
5333
5334
5313
5334
5284
5335
5337
5338
5287
5339
5340
5293
5341
5342
5290
5343
5291
5344
5345
5346
5347
5348
5295
5349
5297
5350
5343
5351
5333
5338
5310
5352
5316
5353
5322
5323
5305
5355
5314
5356
5307
5315
5357
5355
5358
5359
5359
5360
5357
5361
5362
5362
5352
5363
5364
5363
5365
5366
5369
5370
5369
5371
5371
5372
5372
5325
5373
5354
5374
5354
5375
5369
5376
5377
5327
5378
5379
5329
5379
5380
5381
5378
5382
5383
5384
5382
5385
5382
5386
5352
5387
5384
5388
5389
5388
5390
5391
5392
5340
5342
5393
5350
5394
5342
5348
5351
5395
5396
5345
5397
5398
5347
5396
5397
5399
5400
5401
5403
5383
5351
5405
5406
5408
5374
5409
5410
5363
5412
5373
5413
5414
5415
5416
5364
5374
5417
5408
5418
5419
5368
5381
5420
5373
5421
5366
5414
5420
5367
5422
5423
5423
5424
5425
5426
5427
5428
5429
5376
5430
5431
5432
5433
5432
5434
5435
5404
5436
5437
5387
5419
5438
5419
5439
5404
5440
5385
5441
5391
5442
5439
5443
5444
5408
5443
5391
5445
5393
5445
5446
5447
5448
5448
5444
5447
5394
5449
5407
5450
5402
5451
5452
5453
5454
5455
5403
5453
5456
5452
5457
5455
5458
5402
5459
5460
5406
5459
5461
5450
5462
5453
5463
5445
5464
5465
5422
5466
5431
5467
5412
5472
5473
5474
5475
5416
5418
5476
5423
5477
5474
5478
5417
5478
5465
5479
5465
5480
5481
5475
5482
5429
5482
5483
5484
5485
5426
5433
5486
5486
5487
5488
5427
5489
5434
5468
5483
5466
5467
5433
5490
5490
5491
5492
5493
5494
5471
5495
5437
5439
5497
5438
5496
5443
5498
5442
5461
5500
5446
5500
5501
5501
5502
5503
5502
5503
5504
5449
5505
5506
5506
5507
5451
5508
5464
5509
5460
5510
5511
5511
5456
5512
5512
5513
5514
5458
5515
5516
5513
5517
5518
5497
5463
5509
5519
5517
5520
5521
5523
5484
5524
5524
5525
5470
5526
5472
5526
5494
5527
5494
5529
5531
5532
5474
5532
5534
5535
5536
5477
5480
5537
5536
5538
5534
5539
5523
5539
5481
5540
5499
5541
5484
5542
5525
5543
5544
5538
5546
5547
5548
5549
5528
5550
5546
5551
5493
5552
5492
5495
5553
5547
5554
5525
5555
5556
5557
5558
5559
5558
5560
5541
5559
5561
5538
5510
5560
5560
5562
5506
5563
5523
5561
5505
5507
5521
5564
5565
5567
5566
5568
5509
5518
5564
5569
5522
5570
5571
5572
5573
5570
5572
5574
5516
5570
5572
5575
5518
5576
5577
5520
5578
5579
5580
5569
5580
5581
5582
5583
5584
5527
5585
5586
5588
5547
5591
5530
5592
5593
5535
5585
5594
5533
5595
5597
5537
5598
5542
5599
5537
5600
5601
5602
5603
5541
5582
5604
5605
5543
5606
5585
5607
5545
5583
5606
5602
5548
5608
5609
5610
5550
5611
5612
5613
5614
5615
5554
5614
5616
5609
5556
5615
5617
5588
5593
5589
5592
5616
5618
5619
5620
5621
5582
5622
5563
5565
5623
5567
5622
5569
5624
5568
5625
5626
5568
5627
5628
5629
5581
5630
5631
5576
5632
5632
5633
5634
5631
5635
5636
5637
5636
5638
5629
5639
5637
5640
5641
5641
5633
5643
5584
5607
5617
5645
5646
5648
5649
5650
5652
5591
5653
5654
5655
5657
5658
5659
5660
5599
5645
5662
5597
5598
5663
5597
5647
5664
5665
5601
5603
5600
5606
5602
5666
5604
5667
5668
5643
5648
5643
5669
5619
5670
5607
5645
5610
5613
5671
5671
5672
5673
5674
5612
5674
5675
5654
5676
5677
5644
5659
5677
5678
5650
5679
5620
5621
5680
5680
5681
5623
5681
5682
5681
5684
5625
5638
5685
5684
5686
5628
5687
5628
5682
5686
5688
5631
5689
5690
5637
5691
5641
5642
5690
5691
5692
5693
5694
5695
5696
5697
5699
5700
5695
5700
5701
5702
5702
5704
5705
5706
5707
5650
5649
5651
5708
5648
5709
5705
5660
5711
5712
5661
5713
5653
5678
5714
5655
5656
5715
5672
5715
5715
5716
5717
5659
5677
5719
5720
5661
5721
5722
5663
5666
5712
5667
5723
5724
5725
5726
5708
5723
5724
5667
5727
5728
5727
5670
5728
5729
5683
5730
5676
5731
5678
5731
5732
5733
5734
5735
5734
5736
5737
5739
5706
5740
5730
5741
5705
5742
5743
5696
5744
5688
5745
5746
5745
5747
5703
5745
5748
5699
5703
5690
5749
5750
5751
5704
5750
5752
5750
5753
5754
5697
5698
5755
5751
5755
5756
5746
5757
5758
5759
5760
5761
5702
5761
5762
5762
5763
5720
5765
5711
5766
5710
5725
5767
5768
5769
5770
5740
5770
5766
5771
5772
5773
5735
5772
5775
5718
5774
5777
5778
5779
5777
5780
5781
5721
5780
5782
5783
5771
5784
5770
5785
5786
5787
5788
5789
5787
5790
5743
5764
5743
5785
5763
5791
5792
5791
5735
5793
5734
5794
5795
5775
5776
5738
5739
5781
5796
5797
5793
5798
5764
5799
5742
5744
5791
5747
5763
5800
5747
5801
5802
5759
5803
5804
5768
5805
5806
5752
5807
5762
5808
5806
5809
5758
5760
5757
5801
5810
5811
5760
5812
5813
5814
5815
5767
5817
5819
5787
5821
5789
5804
5802
5822
5783
5823
5824
5825
5826
5827
5798
5828
5829
5829
5795
5831
5795
5832
5835
5836
5784
5836
5837
5838
5839
5840
5796
5835
5784
5839
5841
5819
5841
5842
5786
5844
5792
5845
5846
5790
5847
5792
5848
5849
5850
5851
5797
5852
5853
5854
5855
5855
5820
5856
5857
5858
5859
5817
5825
5817
5844
5850
5860
5804
5861
5810
5812
5861
5862
5806
5863
5864
5865
5865
5866
5867
5868
5860
5869
5872
5873
5874
5872
5875
5876
5815
5876
5816
5867
5878
5840
5879
5824
5880
5840
5881
5823
5826
5882
5883
5884
5885
5825
5886
5844
5842
5843
5828
5830
5887
5859
5888
5858
5889
5890
5891
5852
5855
5887
5833
5892
5893
5889
5894
5895
5858
5896
5839
5897
5838
5898
5899
5900
5901
5901
5885
5902
5885
5903
5905
5906
5909
5909
5910
5911
5849
5882
5910
5848
5883
5912
5851
5862
5912
5913
5914
5911
5914
5857
5915
5916
5916
5917
5892
5881
5896
5918
5919
5920
5915
5921
5862
5914
5862
5883
5864
5922
5866
5923
5871
5924
5924
5925
5926
5927
5877
5923
5928
5870
5874
5929
5930
5931
5932
5931
5932
5883
5934
5875
5934
5931
5935
5927
5936
5937
5926
5937
5938
5939
5940
5940
5941
5884
5906
5943
5944
5945
5909
5944
5915
5946
5889
5891
5921
5920
5946
5947
5948
5917
5949
5949
5950
5951
5900
5951
5952
5897
5953
5899
5941
5903
5908
5954
5955
5956
5955
5957
5939
5941
5939
5940
5958
5905
5945
5906
5913
5959
5907
5960
5960
5908
5961
5962
5944
5963
5933
5963
5963
5964
5965
5933
5966
5967
5968
5969
5966
5921
5953
5970
5971
5972
5973
5974
5926
5973
5975
5976
5932
5977
5972
5978
5933
5979
5980
5979
5981
5982
5983
5964
5984
5936
5985
5986
5987
5973
5988
5989
5990
5991
5993
5993
5994
5945
5960
5995
5995
5958
5949
5996
5948
5998
5999
6000
6001
6003
6004
6005
5957
6006
5953
5955
6007
5969
5956
6008
6009
6010
5993
6010
6011
6009
6012
5960
5961
6013
6014
6008
6015
6016
5980
5965
5980
5984
6017
6018
6019
6003
6020
6021
5970
6007
6019
6022
5972
6023
6024
6025
6026
6025
6026
6027
5977
5989
6027
5987
6028
6029
6030
6031
5982
6032
6033
6034
6028
6035
5986
6034
6036
6037
6038
6036
6039
6040
6041
6042
5992
5993
6009
6012
6044
6046
6047
6048
5999
6018
6049
6000
6006
6050
6002
6051
6052
6051
6053
6052
6054
6022
6053
6054
6055
6004
6056
6057
6058
6059
6060
6021
6061
6062
6063
6044
6046
6064
6059
6064
6065
6044
6048
6017
6047
6066
6016
6067
6068
6069
6069
6070
6031
6038
6071
6072
6073
6046
6074
6061
6072
6024
6075
6076
6075
6077
6078
6078
6079
6078
6080
6076
6081
6032
6082
6047
6082
6083
6035
6084
6084
6085
6080
6087
6088
6038
6085
6089
6090
6042
6091
6077
6093
6043
6079
6094
6094
6093
6095
6072
6074
6096
6098
6099
6056
6100
6101
6102
6103
6101
6104
6102
6105
6071
6106
6060
6107
6108
6057
6073
6109
6110
6109
6111
6103
6112
6061
6112
6074
6064
6113
6114
6115
6116
6117
6096
6113
6118
6067
6090
6119
6097
6120
6113
6121
6122
6115
6120
6123
6072
6124
6100
6125
6126
6127
6126
6128
6129
6128
6130
6088
6131
6092
6127
6132
6083
6133
6085
6134
6088
6135
6136
6090
6097
6137
6091
6138
6139
6140
6090
6138
6141
6142
6128
6143
6144
6099
6116
6125
6146
6148
6099
6133
6150
6108
6151
6152
6118
6153
6105
6106
6151
6107
6155
6107
6156
6157
6109
6158
6159
6160
6161
6159
6162
6125
6163
6164
6117
6146
6164
6165
6166
6167
6145
6168
6169
6141
6150
6170
6170
6171
6172
6173
6123
6149
6172
6174
6175
6156
6176
6127
6177
6178
6179
6130
6131
6180
6181
6182
6183
6184
6136
6184
6136
6186
6141
6138
6148
6188
6140
6189
6190
6182
6186
6191
6144
6190
6192
6193
6181
6194
6195
6176
6197
6171
6200
6167
6184
6201
6202
6154
6155
6203
6169
6203
6204
6206
6207
6209
6210
6197
6163
6197
6211
6212
6213
6160
6213
6214
6215
6176
6204
6216
6217
6168
6174
6218
6167
6170
6219
6220
6205
6221
6191
6188
6222
6223
6224
6216
6225
6226
6224
6227
6200
6222
6228
6229
6179
6230
6230
6231
6180
6232
6233
6234
6235
6185
6235
6231
6236
6237
6187
6240
6187
6241
6242
6189
6191
6241
6243
6235
6244
6241
6194
6245
6232
6247
6248
6249
6198
6217
6229
6197
6252
6251
6253
6200
6222
6255
6256
6257
6209
6212
6257
6206
6210
6211
6258
6260
6261
6262
6263
6261
6264
6263
6265
6211
6266
6267
6263
6268
6215
6269
6269
6270
6271
6272
6220
6274
6221
6274
6219
6275
6242
6226
6276
6258
6277
6243
6279
6226
6280
6278
6281
6282
6283
6228
6275
6284
6285
6286
6251
6258
6287
6287
6288
6289
6290
6234
6239
6290
6291
6292
6291
6288
6293
6294
6295
6239
6240
6296
6297
6291
6298
6242
6299
6244
6285
6300
6301
6301
6302
6248
6295
6303
6289
6304
6292
6302
6303
6252
6305
6305
6267
6306
6254
6274
6307
6276
6308
6301
6309
6309
6310
6311
6312
6260
6264
6273
6277
6313
6314
6314
6315
6315
6316
6317
6266
6306
6318
6267
6313
6312
6269
6311
6319
6320
6321
6320
6322
6323
6324
6299
6325
6326
6316
6324
6323
6327
6280
6310
6329
6284
6330
6323
6324
6331
6283
6332
6333
6326
6330
6286
6334
6299
6335
6310
6336
6337
6338
6339
6337
6340
6341
6342
6300
6341
6343
6294
6344
6345
6337
6346
6298
6347
6342
6347
6348
6299
6335
6335
6343
6349
6349
6341
6352
6340
6350
6351
6312
6356
6354
6308
6356
6357
6358
6359
6360
6361
6361
6365
6365
6318
6366
6361
6368
6369
6365
6370
6366
6371
6372
6372
6373
6373
6374
6373
6375
6377
6357
6334
6358
6378
6379
6380
6329
6379
6381
6382
6381
6383
6333
6357
6384
6379
6381
6385
6358
6386
6387
6388
6389
6360
6389
6390
6391
6391
6392
6392
6393
6394
6395
6396
6395
6397
6349
6398
6345
6393
6399
6400
6400
6401
6402
6403
6404
6406
6408
6409
6410
6392
6411
6356
6412
6413
6368
6414
6360
6406
6415
6382
6413
6366
6416
6417
6364
6419
6367
6420
6420
6421
6369
6413
6422
6422
6423
6411
6424
6425
6426
6417
6427
6427
6427
6428
6429
6377
6423
6384
6430
6383
6431
6432
6430
6432
6433
6434
6435
6388
6436
6386
6437
6432
6438
6439
6439
6440
6390
6441
6442
6441
6398
6403
6435
6443
6394
6444
6445
6445
6446
6447
6448
6404
6449
6397
6410
6450
6449
6451
6406
6450
6446
6452
6453
6408
6444
6453
6442
6443
6451
6448
6457
6448
6458
6407
6460
6461
6447
6462
6410
6449
6464
6461
6467
6468
6468
6469
6471
6431
6440
6434
6460
6418
6472
6473
6474
6419
6475
6476
6424
6471
6425
6426
6473
6437
6471
6437
6478
6476
6479
6467
6480
6481
6482
6483
6439
6484
6486
6487
6436
6438
6489
6490
6489
6491
6486
6492
6493
6494
6495
6496
6496
6497
6492
6498
6443
6454
6499
6447
6500
6500
6501
6502
6503
6504
6505
6451
6461
6499
6506
6500
6507
6508
6456
6457
6508
6509
6510
6505
6512
6459
6504
6513
6511
6514
6515
6516
6517
6464
6518
6519
6520
6466
6501
6521
6522
6523
6479
6524
6471
6479
6493
6525
6526
6527
6480
6528
6481
6526
6477
6529
6480
6529
6530
6485
6531
6532
6533
6482
6483
6536
6537
6538
6539
6494
6540
6541
6490
6492
6543
6491
6515
6543
6544
6545
6525
6546
6496
6547
6541
6548
6549
6550
6525
6551
6545
6544
6552
6554
6502
6554
6521
6555
6504
6556
6557
6512
6519
6552
6555
6558
6559
6560
6552
6563
6511
6512
6564
6563
6565
6566
6567
6514
6522
6557
6568
6516
6520
6544
6518
6556
6570
6571
6571
6572
6572
6573
6569
6575
6524
6576
6577
6581
6584
6528
6585
6586
6534
6587
6588
6589
6531
6589
6590
6546
6592
6546
6589
6593
6576
6587
6588
6594
6595
6536
6584
6596
6538
6596
6597
6599
6583
6601
6542
6602
6549
6603
6549
6604
6605
6583
6606
6581
6548
6550
6607
6608
6609
6610
6551
6599
6579
6611
6605
6612
6575
6613
6613
6614
6567
6615
6575
6615
6616
6617
6617
6618
6613
6618
6619
6563
6620
6620
6621
6622
6623
6565
6624
6625
6621
6623
6568
6624
6626
6571
6625
6627
6628
6631
6632
6634
6605
6635
6574
6614
6631
6636
6577
6578
6582
6593
6594
6607
6637
6638
6639
6611
6639
6640
6641
6586
6642
6612
6643
6644
6595
6645
6594
6644
6646
6647
6647
6591
6648
6649
6650
6651
6600
6611
6654
6647
6655
6656
6657
6658
6659
6659
6660
6642
6600
6661
6662
6607
6663
6608
6664
6606
6610
6665
6666
6620
6641
6667
6661
6668
6667
6669
6670
6670
6671
6672
6646
6653
6636
6616
6673
6627
6674
6675
6676
6632
6677
6678
6678
6679
6680
6681
6666
6678
6684
6685
6634
6685
6683
6684
6686
6685
6687
6629
6688
6689
6690
6691
6631
6692
6673
6674
6694
6695
6635
6694
6666
6696
6673
6677
6672
6697
6698
6672
6699
6655
6698
6700
6681
6701
6703
6704
6645
6705
6706
6646
6707
6657
6703
6708
6648
6709
6710
6650
6654
6711
6712
6713
6714
6715
6716
6716
6717
6662
6718
6699
6709
6707
6719
6720
6721
6722
6704
6723
6704
6724
6725
6667
6701
6671
6702
6726
6666
6678
6727
6728
6669
6724
6729
6730
6731
6701
6732
6727
6732
6718
6733
6677
6734
6676
6733
6735
6736
6737
6738
6680
6684
6739
6682
6740
6741
6683
6744
6745
6746
6747
6689
6745
6748
6688
6734
6747
6749
6750
6691
6751
6692
6752
6753
6754
6733
6755
6695
6734
6757
6758
6758
6759
6702
6727
6757
6760
6762
6763
6699
6764
6765
6766
6741
6756
6705
6767
6768
6717
6769
6721
6770
6771
6771
6772
6710
6772
6773
6765
6774
6714
6774
6718
6765
6775
6713
6776
6777
6778
6779
6779
6780
6773
6782
6783
6762
6721
6771
6766
6723
6784
6725
6785
6729
6786
6739
6761
6763
6787
6730
6788
6732
6789
6787
6790
6791
6792
6738
6749
6794
6795
6796
6738
6797
6752
6799
6800
6744
6799
6801
6742
6801
6802
6744
6803
6804
6805
6806
6747
6807
6808
6758
6751
6806
6808
6752
6809
6751
6808
6810
6811
6812
6755
6813
6814
6814
6815
6795
6798
6757
6818
6800
6807
6819
6821
6822
6823
6785
6824
6822
6825
6826
6827
6828
6829
6768
6830
6831
6784
6793
6830
6832
6833
6832
6834
6835
6829
6836
6779
6836
6829
6837
6776
6824
6838
6777
6839
6840
6841
6837
6840
6842
6843
6844
6782
6845
6783
6846
6833
6831
6848
6790
6849
6788
6818
6850
6825
6851
6789
6852
6791
6853
6825
6854
6855
6856
6799
6801
6853
6858
6859
6796
6860
6861
6862
6863
6812
6862
6864
6807
6865
6866
6823
6866
6866
6867
6868
6869
6870
6806
6869
6871
6873
6874
6874
6810
6816
6879
6811
6880
6815
6881
6813
6879
6861
6882
6883
6884
6885
6886
6818
6887
6888
6865
6874
6880
6888
6826
6828
6892
6893
6878
6851
6849
6892
6894
6827
6895
6837
6838
6889
6896
6896
6858
6897
6847
6898
6899
6900
6857
6899
6835
6846
6901
6836
6903
6904
6896
6840
6895
6905
6906
6907
6905
6907
6908
6843
6909
6910
6904
6911
6911
6912
6913
6913
6914
6899
6915
6917
6918
6906
6919
6852
6887
6894
6920
6921
6856
6864
6855
6919
6922
6921
6923
6920
6924
6858
6925
6926
6917
6927
6861
6863
6928
6929
6930
6865
6871
6931
6920
6875
6920
6932
6872
6933
6873
6934
6932
6935
6936
6931
6934
6873
6937
6881
6931
6939
6940
6877
6933
6941
6938
6942
6894
6943
6944
6886
6945
6885
6945
6883
6944
6947
6884
6948
6944
6949
6937
6950
6951
6931
6952
6955
6891
6956
6957
6953
6958
6895
6959
6943
6959
6940
6957
6910
6898
6900
6960
6918
6961
6902
6962
6963
6964
6965
6966
6904
6916
6965
6910
6968
6969
6909
6970
6971
6972
6973
6955
6973
6974
6975
6976
6915
6977
6978
6961
6964
6954
6955
6980
6981
6982
6969
6983
6979
6984
6940
6983
6985
6924
6985
6986
6932
6936
6987
6988
6987
6989
6990
6989
6991
6929
6992
6993
6994
6994
6939
6935
6995
6936
6952
6996
6997
6998
7000
6996
7002
6985
6996
6943
6942
7004
7005
7007
6952
7008
6948
7009
7010
6948
6993
7007
6949
7007
7011
7000
7012
7013
6984
7015
7016
7015
7018
7019
7020
7021
6956
6972
7020
6970
7019
7020
7022
6983
7019
6962
6990
7024
6988
7025
7025
7026
7023
7027
6977
7028
6974
7021
6967
7026
7029
7030
7031
7032
6979
7032
6972
7031
6975
7033
7034
6975
7035
6976
7036
7037
6977
7039
7040
6988
7041
7042
6981
6991
7043
7024
7044
7045
7046
6986
7047
7048
6998
7049
7051
7052
7054
7051
7054
7055
7056
7058
7059
7060
7059
7000
7004
7061
7048
6998
7049
7062
7015
7000
7003
7063
7009
7063
7005
7064
7065
7004
7066
7067
7068
7069
7017
7065
7070
7014
7013
7071
7072
7073
7059
7074
7012
7072
7075
7076
7077
7061
7076
7057
7075
7071
7071
7079
7018
7080
7081
7082
7083
7084
7023
7085
7082
7084
7086
7055
7088
7052
7089
7090
7091
7029
7086
7092
7040
7089
7092
7093
7094
7095
7083
7096
7046
7097
7037
7095
7098
7035
7096
7099
7037
7100
7085
7100
7101
7102
7039
7102
7101
7103
7041
7103
7050
7104
7047
7097
7056
7107
7045
7107
7108
7083
7109
7079
7110
7049
7111
7110
7112
7113
7052
7053
7104
7054
7114
7055
7115
7116
7060
7117
7060
7118
7119
7062
7120
7071
7121
7066
7077
7111
7125
7126
7125
7127
7122
7128
7120
7128
7129
7126
7129
7130
7131
7132
7127
7133
7077
7134
7135
7136
7137
7118
7124
7137
7138
7078
7139
7140
7105
7121
7082
7142
7083
7143
7144
7145
7085
7099
7146
7087
7146
7093
7147
7108
7148
7149
7090
7104
7094
7150
7148
7151
7094
7152
7153
7154
7096
7155
7144
7106
7109
7156
7157
7100
7145
7158
7158
7159
7156
7158
7152
7160
7113
7161
7162
7162
7163
7111
7143
7111
7121
7160
7165
7164
7166
7115
7164
7116
7149
7167
7138
7168
7119
7170
7168
7169
7139
7171
7172
7173
7136
7174
7175
7176
7143
7177
7172
7178
7132
7179
7140
7181
7171
7182
7131
7182
7183
7184
7185
7186
7142
7179
7187
7135
7188
7189
7190
7191
7190
7176
7191
7189
7140
7192
7193
7142
7194
7195
7196
7197
7145
7198
7196
7147
7159
7200
7201
7167
7202
7154
7166
7203
7201
7203
7204
7159
7205
7206
7207
7206
7208
7157
7198
7209
7210
7211
7212
7213
7214
7217
7167
7218
7219
7220
7222
7223
7222
7224
7225
7227
7228
7229
7230
7175
7230
7172
7231
7216
7174
7180
7181
7232
7233
7234
7235
7178
7197
7237
7238
7239
7237
7240
7184
7241
7242
7243
7243
7244
7239
7245
7246
7243
7247
7186
7246
7248
7240
7249
7194
7250
7193
7251
7252
7227
7253
7251
7254
7227
7255
7231
7257
7242
7257
7259
7259
7260
7261
7262
7263
7198
7217
7262
7200
7261
7264
7207
7213
7265
7266
7220
7266
7267
7268
7269
7268
7208
7214
7270
7268
7271
7272
7273
7271
7274
7217
7211
7212
7275
7276
7277
7263
7279
7270
7279
7223
7280
7275
7280
7258
7281
7238
7225
7282
7282
7221
7224
7283
7274
7284
7274
7285
7269
7288
7226
7289
7290
7291
7229
7291
7292
7293
7258
7294
7242
7251
7296
7297
7298
7235
7299
7236
7300
7301
7262
7302
7281
7303
7302
7303
7250
7304
7247
7298
7305
7306
7306
7294
7306
7307
7307
7308
7309
7304
7310
7248
7311
7312
7313
7250
7314
7316
7317
7253
7318
7319
7255
7256
7320
7300
7321
7322
7294
7319
7323
7324
7263
7325
7326
7326
7327
7277
7277
7327
7328
7269
7328
7289
7329
7330
7331
7332
7272
7334
7272
7336
7337
7338
7339
7341
7342
7278
7343
7344
7344
7303
7326
7341
7334
7345
7346
7288
7347
7287
7288
7348
7286
7339
7345
7349
7350
7350
7332
7290
7346
7351
7353
7293
7354
7299
7355
7322
7356
7357
7297
7358
7359
7357
7360
7315
7360
7361
7301
7362
7363
7304
7344
7309
7364
7315
7365
7311
7355
7366
7310
7366
7367
7312
7368
7358
7369
7369
7370
7314
7365
7370
7316
7373
7324
7374
7318
7320
7359
7375
7376
7377
7378
7353
7362
7379
7371
7377
7381
7382
7382
7383
7383
7384
7385
7386
7381
7387
7329
7391
7392
7393
7394
7332
7395
7396
7397
7335
7390
7395
7341
7398
7399
7400
7339
7396
7401
7338
7398
7401
7380
7402
7348
7399
7402
7403
7386
7343
7404
7405
7384
7349
7406
7392
7407
7409
7410
7350
7396
7411
7412
7352
7413
7414
7354
7415
7361
7416
7417
7418
7419
7360
7420
7418
7421
7422
7362
7423
7424
7425
7368
7374
7384
7426
7369
7427
7428
7428
7429
7420
7429
7430
7432
7373
7434
7435
7422
7426
7383
7429
7436
7421
7418
7437
7379
7436
7438
7439
7440
7441
7442
7443
7444
7445
7405
7386
7404
7446
7447
7389
7443
7447
7389
7443
7448
7441
7391
7449
7397
7450
7451
7394
7450
7452
7453
7397
7454
7455
7410
7406
7456
7454
7457
7449
7457
7406
7458
7458
7459
7460
7461
7405
7462
7463
7464
7413
7451
7409
7412
7466
7467
7450
7467
7464
7468
7469
7470
7471
7453
7471
7439
7472
7419
7435
7474
7475
7475
7476
7477
7478
7478
7479
7476
7477
7472
7480
7425
7480
7481
7433
7482
7430
7431
7478
7463
7483
7484
7477
7485
7434
7487
7488
7489
7490
7489
7491
7476
7492
7494
7438
7490
7495
7440
7494
7496
7497
7456
7498
7498
7499
7444
7445
7501
7446
7502
7447
7503
7456
7501
7504
7505
7506
7465
7507
7506
7508
7509
7509
7455
7510
7458
7469
7511
7513
7514
7515
7461
7499
7516
7513
7517
7517
7518
7503
7519
7511
7515
7520
7522
7510
7523
7470
7525
7510
7526
7526
7528
7529
7530
7474
7531
7532
7533
7495
7534
7535
7536
7537
7493
7534
7537
7482
7538
7489
7497
7539
7540
7541
7485
7541
7542
7543
7544
7501
7545
7543
7545
7546
7547
7548
7549
7497
7547
7492
7546
7532
7552
7553
7553
7533
7554
7555
7556
7504
7557
7558
7559
7558
7560
7563
7503
7542
7564
7565
7567
7506
7568
7569
7523
7508
7520
7529
7569
7571
7521
7571
7514
7557
7572
7513
7574
7575
7568
7576
7516
7525
7559
7577
7578
7579
7558
7580
7581
7584
7522
7585
7523
7586
7568
7586
7589
7526
7590
7589
7528
7591
7592
7571
7592
7538
7532
7594
7595
7547
7596
7535
7554
7536
7552
7537
7597
7598
7599
7600
7556
7599
7601
7551
7600
7581
7602
7581
7603
7604
7605
7597
7604
7606
7607
7608
7609
7610
7612
7611
7613
7614
7550
7601
7613
7615
7615
7595
7616
7554
7617
7596
7556
7618
7612
7559
7619
7620
7621
7561
7620
7622
7623
7624
7580
7622
7564
7567
7607
7603
7625
7572
7582
7625
7623
7626
7627
7624
7629
7630
7570
7631
7632
7633
7583
7619
7634
7635
7632
7634
7636
7576
7578
7636
7589
7630
7578
7590
7637
7638
7635
7638
7639
7639
7640
7641
7583
7643
7644
7645
7633
7647
7630
7648
7588
7648
7649
7647
7650
7590
7646
7651
7652
7645
7652
7599
7653
7596
7654
7655
7616
7656
7657
7658
7657
7659
7606
7660
7605
7641
7610
7661
7607
7662
7656
7663
7664
7609
7665
7666
7616
7667
7668
7669
7614
7670
7659
7671
7659
7672
7658
7673
7677
7678
7679
7621
7629
7640
7680
7680
7681
7640
7682
7682
7683
7683
7684
7629
7643
7687
7688
7688
7689
7665
7689
7690
7684
7691
7632
7691
7692
7693
7652
7692
7686
7694
7685
7695
7691
7696
7681
7697
7698
7697
7699
7700
7701
7702
7642
7703
7643
7704
7705
7706
7707
7708
7698
7648
7692
7691
7696
7710
7711
7710
7712
7714
7715
7654
7675
7717
7677
7718
7670
7678
7718
7719
7658
7716
7720
7721
7663
7703
7662
7663
7722
7703
7723
7724
7665
7725
7726
7727
7667
7676
7727
7722
7728
7671
7730
7672
7717
7731
7679
7732
7733
7732
7734
7735
7737
7738
7739
7739
7740
7690
7738
7741
7742
7679
7743
7744
7684
7745
7707
7745
7687
7746
7726
7747
7748
7700
7751
7693
7754
7755
7756
7726
7757
7727
7757
7758
7759
7695
7696
7760
7699
7761
7699
7701
7762
7709
7763
7764
7765
7702
7766
7745
7767
7704
7768
7706
7748
7768
7769
7770
7709
7770
7715
7772
7773
7774
7760
7775
7776
7758
7777
7778
7763
7776
7715
7781
7782
7758
7721
7784
7785
7786
7743
7786
7742
7787
7735
7788
7734
7789
7723
7790
7725
7791
7787
7790
7792
7727
7793
7793
7741
7790
7794
7740
7795
7796
7795
7798
7785
7795
7799
7744
7786
7736
7789
7800
7801
7802
7803
7803
7804
7805
7806
7794
7807
7808
7809
7785
7808
7809
7810
7810
7811
7811
7812
7812
7813
7814
7747
7767
7815
7748
7816
7814
7750
7817
7765
7752
7761
7820
7819
7821
7754
7823
7824
7760
7777
7815
7825
7826
7826
7827
7828
7793
7828
7759
7773
7777
7829
7829
7830
7763
7764
7766
7831
7776
7830
7820
7832
7832
7833
7814
7833
7771
7816
7771
7834
7814
7834
7835
7782
7837
7838
7831
7834
7839
7836
7840
7779
7840
7841
7780
7842
7843
7841
7844
7844
7784
7788
7789
7846
7812
7810
7803
7845
7847
7848
7793
7816
7849
7850
7809
7851
7852
7853
7854
7798
7855
7856
7800
7852
7801
7857
7858
7859
7860
7847
7813
7861
7861
7862
7853
7863
7807
7827
7864
7828
7865
7853
7866
7867
7868
7869
7870
7871
7870
7825
7873
7874
7875
7876
7875
7877
7875
7878
7823
7880
7824
7882
7883
7829
7884
7840
7885
7886
7887
7886
7888
7889
7849
7839
7878
7891
7892
7874
7878
7871
7892
7892
7870
7890
7893
7891
7838
7897
7898
7891
7895
7899
7843
7900
7885
7894
7901
7902
7904
7905
7906
7857
7866
7907
7860
7851
7909
7910
7888
7910
7909
7911
7912
7865
7913
7856
7858
7914
7856
7915
7916
7917
7918
7919
7920
7860
7921
7862
7917
7922
7922
7923
7908
7924
7864
7925
7889
7926
7910
7927
7928
7929
7913
7929
7930
7930
7931
7888
7887
7893
7873
7876
7932
7933
7887
7934
7935
7936
7880
7937
7939
7941
7880
7942
7943
7944
7945
7899
7946
7944
7946
7947
7885
7943
7948
7947
7932
7949
7950
7951
7952
7954
7955
7893
7953
7948
7948
7956
7904
7957
7898
7905
7958
7899
7900
7905
7959
7960
7903
7959
7961
7962
7962
7923
7919
7931
7965
7966
7967
7968
7967
7954
7969
7930
7968
7969
7927
7968
7915
7925
7928
7970
7972
7918
7973
7974
7973
7921
7972
7921
7975
7976
7977
7963
7977
7924
7964
7978
7971
7979
7979
7980
7981
7981
7982
7975
7983
7965
7984
7985
7952
7986
7934
7936
7987
7941
7988
7936
7941
7989
7990
7991
7940
7992
7989
7993
7994
7995
7996
7945
7997
7998
7994
7997
7999
8000
8000
8001
8002
7960
8003
8004
7951
8006
8007
7953
8008
8009
7954
7967
7980
8011
7956
7996
8012
8014
8015
8016
8002
8015
7961
8017
8002
8018
8015
8016
7964
8019
8020
7985
8021
8022
7982
7982
8023
7971
8024
8025
7975
8026
7977
8027
8028
8029
8033
8032
8033
8034
8035
8022
8036
7983
8037
7986
8038
7984
8039
8039
7984
8040
8041
8007
8042
7990
8042
8043
8008
8013
8043
8044
8045
7995
8046
7992
7993
8047
8048
8049
8050
8004
8051
8053
8054
8013
8045
8003
8051
8047
8001
8055
8056
8003
8057
8005
8058
8058
8059
8012
8060
8061
8062
8009
8011
8063
8039
8063
8064
8010
8064
8011
8023
8045
8067
8068
8069
8070
8061
8018
8059
8065
8066
8071
8035
8072
8036
8072
8073
8074
8075
8025
8026
8037
8028
8076
8029
8077
8078
8079
8030
8080
8078
8081
8078
8082
8083
8040
8076
8084
8085
8077
8085
8086
8038
8087
8088
8075
8087
8089
8073
8089
8090
8091
8092
8093
8094
8046
8050
8095
8095
8053
8094
8049
8050
8053
8096
8051
8097
8098
8099
8054
8100
8101
8102
8092
8103
8104
8105
8106
8062
8105
8059
8104
8070
8106
8107
8099
8070
8108
8109
8075
8091
8093
8107
8110
8094
8095
8112
8112
8113
8114
8113
8104
8106
8110
8115
8082
8086
8116
8090
8087
8117
8118
8119
8120
8080
8117
8121
8119
8122
8122
8123
8120
8125
8089
8117
8126
8127
8127
8115
8128
8129
8092
8101
8130
8131
8132
8093
8133
8134
8135
8136
8102
8099
8111
8111
8107
8137
8138
8137
8139
8140
8138
8139
8141
8142
8113
8109
8143
8142
8112
8143
8143
8118
8144
8145
8146
8147
8120
8148
8127
8149
8123
8150
8151
8149
8150
8148
8152
8152
8146
8152
8154
8155
8145
8156
8130
8131
8147
8134
8157
8153
8158
8133
8158
8135
8159
8141
8159
8136
8140
8157
8160
8161
8161
8160
8162
8143
8156
8163
8154
8164
8149
8165
8166
8164
8154
8167
8168
8166
8169
8160
8164
8159
8167
8162
8171
8162
8172
8165
8171
8166
8172
8170
8171
8172
)


// ************************************************************************* //
