/*--------------------------------*- C++ -*----------------------------------*\
| =========                 |                                                 |
| \\      /  F ield         | OpenFOAM: The Open Source CFD Toolbox           |
|  \\    /   O peration     | Version:  2412                                  |
|   \\  /    A nd           | Website:  www.openfoam.com                      |
|    \\/     M anipulation  |                                                 |
\*---------------------------------------------------------------------------*/
FoamFile
{
    version     2.0;
    format      ascii;
    arch        "LSB;label=32;scalar=64";
    class       labelList;
    location    "constant/polyMesh";
    object      pointProcAddressing;
}
// * * * * * * * * * * * * * * * * * * * * * * * * * * * * * * * * * * * * * //


2388
(
9
10
22
23
24
39
40
53
54
116
117
118
127
128
137
138
139
140
143
144
145
150
152
154
156
157
158
162
164
165
166
171
177
178
186
187
193
194
200
201
202
208
209
210
219
220
221
223
224
225
230
231
232
236
244
245
246
258
259
260
296
297
303
304
382
383
389
399
400
401
412
413
414
449
460
461
514
531
535
543
544
545
557
558
559
594
599
601
603
672
677
683
684
685
696
697
698
712
722
734
738
741
799
816
817
818
830
831
832
836
855
859
862
871
924
943
944
955
956
957
966
982
983
986
999
1042
1056
1072
1073
1074
1088
1091
1092
1096
1104
1111
1151
1155
1163
1182
1183
1184
1188
1190
1193
1212
1213
1218
1256
1257
1261
1275
1287
1288
1289
1291
1293
1296
1298
1299
1301
1303
1304
1305
1307
1309
1310
1314
1315
1316
1317
1319
1320
1321
1322
1323
1324
1325
1326
1327
1328
1329
1330
1331
1332
1333
1334
1335
1336
1337
1338
1339
1340
1341
1342
1343
1344
1345
1346
1347
1348
1349
1350
1351
1352
1353
1354
1355
1356
1357
1358
1360
1361
1364
1365
1369
1370
1372
1373
1374
1375
1376
1377
1378
1386
1387
1388
1391
1392
1395
1396
1397
1399
1400
1401
1404
1406
1409
1410
1411
1412
1414
1415
1416
1417
1418
1419
1420
1421
1422
1423
1424
1425
1426
1427
1428
1429
1430
1431
1432
1433
1434
1435
1436
1437
1438
1439
1440
1441
1442
1443
1444
1445
1446
1447
1448
1449
1450
1451
1454
1455
1456
1457
1458
1459
1460
1462
1463
1464
1465
1467
1468
1469
1470
1471
1472
1473
1479
1480
1481
1482
1483
1484
1487
1489
1492
1493
1495
1496
1497
1498
1503
1504
1505
1506
1508
1509
1510
1511
1512
1513
1514
1515
1516
1517
1518
1519
1520
1521
1522
1523
1524
1525
1526
1527
1528
1529
1530
1531
1532
1533
1534
1535
1536
1537
1538
1539
1540
1541
1544
1546
1547
1548
1550
1551
1552
1554
1556
1557
1558
1564
1575
1590
1591
1592
1593
1594
1595
1596
1597
1598
1599
1600
1601
1602
1603
1604
1605
1606
1607
1608
1609
1610
1611
1612
1613
1614
1615
1616
1617
1624
1627
1628
1634
1637
1703
1989
1990
1991
1992
1996
2005
2006
2007
2008
2009
2010
2011
2012
2013
2014
2015
2016
2017
2018
2019
2021
2022
2023
2024
2025
2026
2027
2028
2029
2038
2039
2040
2041
2042
2044
2045
2046
2050
2051
2065
2088
2100
2101
2116
2117
2118
2119
2120
2121
2122
2123
2124
2134
2135
2146
2147
2150
2151
2164
2165
2166
2167
2168
2169
2170
2171
2172
2173
2174
2182
2201
2202
2203
2204
2205
2206
2207
2221
2222
2224
2225
2226
2227
2241
2243
2244
2245
2246
2247
2248
2249
2277
2278
2279
2280
2281
2301
2307
2308
2310
2311
2312
2313
2314
2315
2323
2324
2325
2326
2327
2328
2329
2353
2354
2355
2356
2357
2358
2359
2376
2382
2383
2385
2386
2387
2388
2389
2390
2397
2398
2399
2400
2401
2424
2425
2427
2428
2429
2430
2431
2432
2433
2434
2435
2464
2471
2473
2474
2475
2476
2477
2478
2479
2480
2503
2504
2506
2507
2508
2509
2510
2511
2512
2513
2514
2515
2516
2542
2549
2550
2563
2564
2566
2567
2568
2569
2570
2575
2585
2586
2587
2590
2591
2605
2607
2608
2609
2610
2611
2612
2637
2645
2646
2648
2649
2650
2651
2652
2653
2654
2670
2672
2673
2674
2675
2676
2677
2697
2698
2699
2702
2704
2705
2706
2707
2708
2712
2713
2714
2715
2716
2720
2721
2722
2723
2724
2728
2730
2731
2732
2733
2734
2740
2741
2742
2744
2745
2751
2759
2760
2764
2765
2766
2768
2770
2771
2772
2778
2779
2780
2781
2782
2783
2784
2785
2792
2801
2802
2808
2809
2810
2811
2812
2813
2814
2815
2816
2822
2823
2824
2825
2826
2827
2828
2829
2834
2835
2836
2850
2851
2852
2853
2854
2855
2856
2861
2862
2863
2864
2865
2866
2867
2868
2874
2875
2886
2887
2888
2891
2892
2893
2894
2895
2899
2900
2901
2902
2905
2906
2909
2911
2914
2915
2916
2930
2931
2932
2933
2934
2937
2938
2939
2940
2941
2942
2943
2945
2946
2947
2948
2949
2950
2962
2965
2966
2967
2973
2974
2975
2976
2981
2982
2985
2986
2987
2993
2994
2995
2996
2999
3000
3010
3011
3012
3018
3019
3020
3021
3022
3023
3024
3025
3026
3027
3029
3030
3031
3032
3033
3034
3036
3046
3047
3051
3054
3055
3057
3059
3060
3065
3066
3068
3074
3075
3085
3086
3090
3091
3092
3093
3096
3097
3098
3099
3102
3109
3110
3112
3116
3118
3121
3122
3128
3133
3134
3135
3138
3153
3154
3191
3192
3194
3195
3198
3199
3200
3201
3202
3203
3205
3206
3207
3209
3210
3211
3214
3215
3218
3219
3220
3221
3222
3224
3225
3226
3227
3229
3230
3243
3249
3254
3258
3260
3267
3275
3280
3298
3304
3306
3308
3320
3343
3346
3356
3357
3359
3360
3361
3363
3364
3365
3366
3367
3368
3369
3374
3375
3376
3397
3401
3402
3403
3404
3405
3406
3407
3408
3409
3410
3411
3412
3413
3414
3415
3416
3417
3418
3419
3420
3421
3422
3423
3424
3425
3426
3427
3428
3429
3430
3431
3432
3437
3442
3444
3456
3472
3476
3477
3478
3479
3480
3481
3482
3483
3484
3485
3486
3487
3488
3489
3490
3491
3492
3493
3499
3501
3504
3508
3510
3511
3512
3513
3514
3516
3517
3520
3522
3527
3529
3533
3535
3542
3562
3578
3580
3584
3585
3586
3587
3588
3589
3590
3591
3592
3593
3594
3595
3596
3597
3598
3599
3600
3601
3602
3603
3604
3605
3606
3607
3608
3609
3625
3626
3627
3628
3629
3630
3631
3632
3633
3634
3635
3636
3637
3638
3639
3640
3641
3642
3643
3644
3645
3646
3647
3648
3649
3650
3651
3652
3653
3654
3655
3656
3657
3658
3659
3660
3661
3662
3663
3664
3665
3666
3667
3668
3669
3670
3671
3693
3695
3697
3698
3699
3700
3701
3702
3703
3704
3705
3706
3707
3708
3709
3710
3711
3712
3714
3741
3744
3749
3755
3757
3760
3762
3816
3818
3819
3820
3821
3823
3825
3827
3832
3833
3836
3837
3838
3839
3841
3844
3845
3846
3847
3848
3849
3861
3863
3865
3866
3867
3868
3872
3873
3874
3876
3882
3891
3894
3920
3921
3922
3923
3924
3925
3926
3927
3928
3929
3930
3931
3932
3933
3934
3935
3936
3937
3938
3939
3940
3941
3942
3943
3944
3945
3946
3947
3948
3949
3950
3951
3952
3953
3954
3955
3956
3957
3958
3959
3960
3961
3963
3964
3965
3966
3967
3968
3969
3970
3974
3975
3985
3991
3992
3993
3994
3995
3996
3997
3998
4005
4021
4036
4037
4038
4044
4045
4046
4047
4048
4049
4050
4051
4052
4053
4054
4055
4056
4057
4058
4059
4060
4061
4062
4063
4064
4065
4066
4067
4068
4069
4070
4071
4072
4073
4074
4075
4076
4077
4078
4079
4080
4081
4082
4083
4084
4085
4086
4087
4088
4089
4090
4091
4092
4093
4094
4095
4096
4097
4098
4099
4100
4101
4102
4103
4104
4105
4106
4107
4108
4109
4110
4111
4112
4113
4114
4116
4117
4118
4119
4120
4121
4122
4123
4124
4129
4131
4132
4133
4136
4139
4140
4141
4155
4156
4157
4158
4159
4162
4163
4170
4171
4172
4173
4176
4180
4181
4184
4208
4210
4211
4212
4215
4216
4219
4244
4245
4246
4247
4248
4249
4251
4258
4259
4260
4267
4268
4269
4270
4271
4272
4273
4274
4275
4276
4277
4285
4302
4303
4304
4321
4324
4325
4326
4327
4328
4329
4330
4331
4332
4333
4334
4335
4336
4337
4338
4339
4340
4342
4344
4345
4350
4352
4354
4355
4356
4357
4358
4359
4360
4361
4376
4385
4386
4387
4388
4389
4390
4391
4394
4395
4398
4399
4401
4402
4403
4404
4405
4406
4407
4410
4411
4412
4438
4439
4440
4441
4442
4444
4445
4448
4449
4450
4451
4452
4453
4454
4455
4456
4457
4458
4459
4460
4461
4462
4463
4464
4465
4466
4467
4468
4469
4470
4471
4472
4473
4474
4475
4476
4477
4478
4479
4480
4481
4482
4483
4484
4485
4486
4487
4488
4489
4490
4491
4492
4493
4494
4495
4496
4497
4498
4499
4500
4501
4502
4503
4505
4506
4507
4508
4509
4510
4511
4512
4515
4516
4529
4542
4547
4585
4586
4587
4588
4589
4590
4591
4594
4595
4596
4597
4598
4599
4600
4601
4602
4603
4604
4605
4606
4607
4608
4609
4610
4611
4613
4614
4615
4616
4617
4618
4619
4620
4621
4622
4627
4648
4649
4650
4651
4652
4653
4654
4655
4656
4657
4658
4659
4663
4664
4669
4670
4684
4685
4686
4687
4688
4689
4690
4691
4693
4694
4696
4697
4698
4699
4700
4701
4702
4703
4704
4705
4706
4707
4708
4709
4710
4711
4712
4713
4714
4715
4716
4717
4718
4719
4720
4721
4722
4723
4724
4725
4727
4728
4729
4730
4731
4732
4734
4735
4736
4737
4741
4742
4750
4751
4758
4760
4762
4763
4764
4768
4779
4780
4801
4802
4803
4804
4805
4808
4809
4826
4838
4839
4840
4868
4872
4873
4874
4875
4876
4877
4878
4893
4894
4895
4896
4897
4898
4899
4900
4901
4902
4903
4904
4906
4907
4908
4909
4910
4911
4912
4913
4914
4915
4916
4917
4918
4919
4920
4921
4922
4923
4924
4926
4927
4928
4930
4931
4932
4936
4937
4938
4941
4950
4951
4954
4955
4964
4980
4996
4997
4998
4999
5000
5001
5002
5003
5004
5005
5006
5007
5008
5009
5010
5012
5013
5014
5015
5016
5017
5018
5019
5020
5021
5022
5023
5024
5025
5026
5027
5028
5029
5033
5034
5035
5036
5046
5047
5049
5070
5073
5076
5077
5078
5079
5083
5084
5085
5103
5104
5106
5107
5108
5109
5110
5111
5112
5113
5114
5115
5116
5117
5118
5119
5120
5121
5122
5123
5124
5125
5126
5128
5129
5130
5134
5136
5141
5154
5157
5158
5159
5160
5161
5162
5163
5164
5165
5166
5167
5168
5169
5170
5171
5172
5173
5174
5175
5176
5177
5178
5179
5180
5181
5182
5183
5184
5185
5186
5187
5188
5189
5190
5191
5195
5196
5207
5214
5235
5265
5266
5267
5268
5269
5270
5271
5272
5274
5281
5282
5283
5298
5300
5301
5302
5303
5304
5305
5306
5307
5308
5309
5310
5311
5312
5313
5314
5315
5316
5317
5318
5319
5320
5322
5323
5324
5325
5326
5327
5328
5329
5330
5331
5332
5333
5334
5335
5336
5337
5338
5339
5342
5345
5347
5350
5352
5354
5355
5357
5365
5381
5404
5405
5406
5407
5409
5410
5411
5412
5413
5414
5415
5416
5417
5418
5419
5420
5421
5422
5423
5424
5425
5426
5427
5429
5430
5431
5432
5433
5434
5435
5436
5437
5438
5439
5440
5441
5442
5443
5444
5445
5446
5447
5448
5449
5450
5451
5452
5453
5454
5455
5456
5457
5458
5459
5460
5461
5462
5463
5464
5465
5466
5467
5468
5469
5470
5471
5472
5488
5489
5496
5528
5529
5530
5531
5532
5533
5536
5537
5538
5539
5547
5567
5568
5590
5591
5592
5593
5594
5613
5614
5615
5618
5619
5623
5624
5628
5639
5640
5643
5644
5645
5646
5648
5649
5655
5657
5659
5660
5661
5662
5663
5664
5665
5667
5686
5687
5688
5689
5690
5691
5692
5693
5694
5695
5696
5697
5698
5699
5700
5701
5702
5703
5704
5705
5706
5707
5708
5709
5710
5711
5712
5713
5714
5716
5719
5727
5728
5730
5735
5740
5741
5781
5782
5800
5802
5803
5804
5805
5806
5807
5808
5809
5810
5811
5812
5813
5814
5815
5816
5817
5818
5819
5820
5821
5822
5823
5827
5832
5833
5834
5839
5840
5845
5859
5860
5861
5862
5867
5868
5869
5870
5871
5872
5873
5874
5875
5876
5877
5878
5879
5880
5881
5882
5883
5884
5885
5886
5887
5888
5889
5890
5891
5892
5893
5895
5896
5897
5908
5910
5912
5915
5917
5919
5920
5940
5941
5942
5944
5945
5946
5947
5948
5949
5950
5951
5952
5953
5954
5955
5956
5958
5961
5974
5975
5976
5977
5980
5981
5982
5983
5984
5985
5987
5989
5990
5991
5992
5993
5994
5995
5996
5997
5998
6008
6010
6015
6044
6045
6046
6047
6048
6049
6050
6054
6056
6057
6058
6059
6061
6062
6074
6075
6076
6077
6078
6079
6080
6081
6082
6084
6085
6090
6091
6092
6110
6111
6112
6113
6114
6115
6116
6123
6128
6129
6130
6131
6132
6133
6134
6135
6136
6137
6138
6140
6141
6142
6149
6157
6158
6159
6160
6161
6162
6163
6180
6181
6182
6183
6184
6187
6188
6189
6190
6191
6193
6195
6200
6201
6202
6203
6204
6205
6206
6207
6208
6209
6210
6213
6215
6216
6226
6228
6229
6230
6231
6232
6234
6235
6238
6239
6240
6253
6254
6264
6265
6266
6267
6268
6269
6270
6272
6273
6274
6275
6280
6281
6282
6283
6284
6285
6286
6287
6288
6289
6290
6291
6292
6294
6295
6296
6297
6298
6299
6300
6317
6318
6319
6320
6321
6322
6323
6331
6332
6333
6334
6335
6336
6337
6338
6339
6340
6341
6342
6343
6344
6345
6346
6347
6349
6350
6351
6352
6353
6354
6355
6356
6362
6363
6364
6365
6366
6367
6368
6369
6370
6371
6373
6374
6375
6376
6377
6378
6379
6380
6381
6382
6383
6384
6385
6386
6387
6388
6389
6390
6391
6392
6393
6394
6395
6396
6397
6398
6399
6400
6402
6403
6404
6405
6406
6407
6408
6409
6410
6411
6412
6413
6414
6415
6417
6418
6427
6430
6431
6432
6437
6438
6440
6441
6451
6453
6454
6455
6456
6457
6458
6459
6460
6461
6462
6463
6466
6467
6468
6469
6470
6471
6472
6473
6474
6475
6476
6477
6478
6479
6480
6481
6483
6484
6485
6488
6489
6490
6491
6492
6493
6494
6495
6497
6498
6499
6502
6503
6504
6505
6506
6507
6508
6509
6511
6512
6513
6514
6515
6516
6517
6518
6519
6520
6521
6522
6523
6524
6525
6526
6527
6528
6529
6530
6531
6532
6533
6534
6535
6536
6537
6538
6539
6540
6541
6542
6543
6544
6545
6546
6547
6548
6549
6550
6551
6552
6553
6554
6555
6556
6557
6558
6559
6560
6561
6562
6563
6564
6565
6566
6567
6568
6569
6570
6571
6572
6573
6574
6575
6576
6577
6578
6579
6580
6581
6582
6583
6585
6586
6587
6588
6589
6590
6591
6592
6593
6594
6595
6596
)


// ************************************************************************* //
