/*--------------------------------*- C++ -*----------------------------------*\
| =========                 |                                                 |
| \\      /  F ield         | OpenFOAM: The Open Source CFD Toolbox           |
|  \\    /   O peration     | Version:  2412                                  |
|   \\  /    A nd           | Website:  www.openfoam.com                      |
|    \\/     M anipulation  |                                                 |
\*---------------------------------------------------------------------------*/
FoamFile
{
    version     2.0;
    format      ascii;
    arch        "LSB;label=32;scalar=64";
    class       labelList;
    location    "constant/polyMesh";
    object      cellProcAddressing;
}
// * * * * * * * * * * * * * * * * * * * * * * * * * * * * * * * * * * * * * //


8173
(
1373
1375
1405
1557
1558
1587
1588
1589
1590
1591
1593
1594
1599
1621
1622
1623
1768
1769
1770
1771
1772
1774
1779
1781
1787
1807
1808
1809
1810
1811
1812
1813
1814
1815
1816
1818
1840
1841
1842
1843
1847
1850
1959
1997
1998
1999
2000
2001
2002
2003
2004
2005
2006
2007
2010
2011
2013
2014
2019
2020
2038
2039
2040
2041
2042
2043
2044
2045
2046
2047
2048
2049
2050
2051
2052
2053
2054
2056
2057
2060
2068
2080
2081
2082
2083
2084
2085
2087
2088
2089
2092
2198
2199
2238
2239
2240
2241
2242
2243
2244
2245
2246
2247
2254
2255
2256
2271
2272
2273
2274
2275
2276
2277
2278
2279
2280
2281
2282
2283
2284
2286
2287
2288
2289
2290
2291
2292
2293
2294
2300
2306
2307
2308
2314
2315
2316
2317
2318
2319
2320
2321
2323
2325
2326
2327
2328
2433
2434
2437
2438
2439
2484
2485
2486
2487
2488
2489
2490
2491
2492
2493
2495
2498
2499
2500
2501
2502
2503
2516
2517
2518
2519
2520
2521
2522
2523
2524
2525
2526
2527
2528
2529
2530
2531
2532
2533
2534
2535
2536
2537
2538
2539
2540
2541
2542
2543
2544
2545
2547
2550
2554
2555
2556
2557
2558
2559
2560
2561
2565
2566
2567
2568
2569
2570
2571
2572
2573
2574
2575
2576
2579
2580
2581
2582
2583
2584
2585
2695
2697
2698
2700
2701
2702
2703
2758
2759
2760
2761
2762
2763
2764
2765
2766
2767
2768
2769
2771
2774
2775
2776
2777
2789
2790
2791
2792
2793
2794
2795
2796
2797
2798
2799
2800
2801
2802
2803
2804
2805
2806
2807
2808
2809
2810
2811
2812
2813
2814
2815
2817
2818
2820
2822
2826
2827
2828
2829
2830
2831
2832
2833
2834
2835
2840
2842
2843
2844
2845
2846
2847
2848
2849
2850
2851
2852
2853
2854
2855
2857
2858
2859
2860
2861
2862
2918
2972
2973
2974
2975
2976
2977
2978
3030
3031
3032
3033
3034
3035
3036
3037
3038
3039
3040
3041
3045
3046
3047
3048
3049
3050
3051
3052
3059
3060
3061
3062
3063
3064
3065
3066
3067
3068
3069
3070
3071
3072
3073
3074
3075
3076
3077
3078
3079
3080
3081
3082
3083
3084
3085
3086
3088
3089
3091
3092
3093
3098
3099
3100
3101
3102
3103
3104
3105
3106
3107
3108
3109
3111
3112
3114
3115
3116
3117
3118
3119
3120
3121
3122
3123
3124
3126
3127
3128
3129
3130
3131
3132
3133
3192
3193
3246
3247
3312
3313
3314
3315
3316
3317
3318
3319
3320
3321
3322
3323
3324
3325
3326
3334
3335
3336
3337
3338
3339
3340
3341
3342
3343
3344
3345
3346
3347
3348
3349
3350
3351
3352
3353
3354
3355
3356
3357
3358
3359
3360
3361
3362
3363
3364
3365
3366
3367
3368
3369
3371
3372
3373
3375
3377
3379
3380
3381
3382
3383
3384
3385
3386
3387
3388
3389
3390
3392
3394
3395
3396
3397
3398
3399
3400
3401
3402
3403
3404
3405
3406
3407
3409
3410
3411
3412
3413
3414
3415
3416
3417
3418
3476
3477
3478
3550
3551
3605
3606
3607
3608
3609
3610
3611
3612
3613
3614
3615
3616
3617
3618
3619
3620
3621
3622
3626
3627
3628
3629
3630
3631
3632
3633
3634
3635
3636
3637
3638
3639
3640
3641
3642
3643
3644
3645
3646
3647
3648
3649
3650
3651
3652
3653
3654
3655
3656
3657
3658
3659
3660
3661
3662
3663
3664
3665
3666
3668
3669
3670
3671
3672
3673
3674
3675
3676
3677
3678
3679
3680
3681
3682
3683
3684
3686
3687
3688
3690
3691
3692
3693
3694
3695
3697
3698
3699
3700
3701
3702
3703
3704
3705
3706
3707
3767
3769
3770
3771
3833
3840
3894
3895
3896
3897
3898
3899
3900
3901
3902
3903
3904
3905
3906
3908
3909
3910
3911
3912
3913
3914
3915
3916
3917
3918
3919
3920
3921
3922
3923
3924
3925
3926
3927
3928
3929
3930
3931
3932
3933
3935
3936
3937
3938
3939
3940
3941
3942
3943
3944
3945
3946
3947
3948
3949
3950
3951
3952
3953
3954
3955
3956
3957
3959
3960
3961
3962
3963
3964
3965
3966
3967
3968
3969
3970
3971
3972
3973
3974
3975
3976
4035
4038
4039
4045
4046
4047
4048
4106
4108
4109
4116
4173
4174
4175
4176
4177
4178
4179
4180
4181
4182
4183
4184
4185
4186
4187
4188
4189
4190
4191
4192
4193
4194
4195
4196
4197
4198
4199
4200
4201
4202
4203
4204
4205
4206
4207
4208
4209
4210
4211
4212
4213
4214
4215
4216
4217
4218
4219
4220
4221
4222
4223
4224
4225
4226
4228
4229
4230
4231
4232
4233
4234
4235
4236
4237
4238
4239
4240
4241
4296
4297
4298
4299
4302
4303
4304
4310
4314
4317
4324
4356
4363
4364
4365
4366
4367
4368
4373
4426
4427
4428
4429
4430
4431
4432
4433
4434
4435
4436
4437
4438
4439
4440
4441
4442
4443
4444
4445
4446
4447
4448
4449
4450
4451
4452
4453
4454
4455
4456
4457
4458
4459
4460
4461
4462
4463
4464
4465
4466
4467
4468
4469
4470
4472
4473
4474
4475
4476
4477
4478
4479
4480
4481
4482
4483
4537
4538
4539
4542
4543
4547
4548
4554
4555
4556
4557
4564
4565
4599
4600
4607
4608
4609
4610
4611
4675
4676
4677
4678
4679
4680
4681
4682
4683
4684
4685
4686
4687
4688
4689
4690
4691
4692
4693
4694
4695
4696
4697
4698
4699
4700
4701
4702
4703
4704
4705
4706
4707
4708
4709
4710
4711
4712
4713
4714
4715
4716
4717
4718
4719
4720
4721
4722
4723
4724
4784
4785
4786
4787
4789
4790
4793
4794
4799
4800
4801
4802
4803
4804
4806
4808
4809
4811
4847
4848
4850
4851
4852
4853
4854
4855
4858
4859
4860
4861
4927
4928
4929
4930
4931
4932
4933
4934
4935
4936
4937
4938
4939
4940
4941
4942
4943
4944
4945
4946
4947
4948
4949
4950
4951
4952
4953
4954
4955
4956
4957
4958
4959
4960
4961
4962
4963
4964
4965
4966
4967
4968
4969
4970
4971
4972
4973
4974
4975
4976
5039
5040
5041
5042
5045
5046
5047
5051
5052
5053
5054
5055
5056
5059
5060
5061
5062
5093
5099
5100
5101
5102
5103
5104
5107
5108
5109
5178
5179
5180
5181
5182
5183
5184
5185
5186
5187
5188
5189
5190
5191
5192
5193
5194
5195
5196
5197
5198
5199
5200
5201
5202
5203
5204
5205
5206
5207
5208
5209
5210
5211
5212
5213
5214
5215
5216
5217
5218
5219
5220
5221
5222
5284
5285
5287
5288
5289
5291
5292
5293
5294
5295
5296
5297
5298
5299
5300
5304
5335
5336
5338
5341
5342
5343
5344
5345
5346
5347
5348
5350
5351
5352
5427
5428
5429
5430
5431
5432
5433
5434
5435
5436
5437
5438
5439
5440
5441
5442
5443
5444
5445
5446
5447
5448
5449
5450
5451
5452
5453
5454
5455
5456
5457
5458
5459
5460
5461
5462
5463
5464
5465
5466
5467
5468
5469
5531
5532
5533
5534
5535
5536
5537
5538
5539
5540
5541
5542
5543
5544
5545
5546
5557
5558
5586
5587
5588
5590
5593
5594
5595
5596
5597
5598
5600
5601
5602
5603
5671
5672
5673
5674
5675
5676
5677
5678
5679
5680
5681
5682
5683
5684
5685
5686
5687
5688
5689
5690
5691
5692
5693
5694
5695
5696
5697
5698
5699
5700
5701
5702
5703
5704
5705
5706
5707
5708
5767
5770
5771
5773
5774
5775
5776
5777
5778
5779
5780
5781
5782
5783
5784
5792
5793
5820
5821
5823
5824
5825
5826
5827
5828
5830
5831
5832
5833
5851
5905
5906
5907
5908
5909
5910
5911
5912
5913
5914
5915
5916
5917
5918
5919
5920
5921
5922
5923
5924
5925
5926
5927
5928
5929
5930
5931
5932
5933
5934
5935
5994
5996
5997
6000
6001
6002
6003
6004
6005
6006
6007
6008
6009
6010
6011
6012
6014
6016
6021
6022
6052
6053
6054
6056
6057
6058
6059
6060
6061
6062
6063
6064
6065
6085
6142
6143
6144
6145
6146
6147
6148
6149
6150
6151
6152
6153
6154
6155
6156
6157
6158
6159
6160
6161
6162
6163
6164
6165
6166
6167
6229
6230
6231
6233
6234
6237
6238
6239
6240
6241
6242
6243
6244
6245
6246
6247
6248
6249
6250
6252
6256
6257
6258
6289
6290
6291
6293
6294
6295
6296
6297
6298
6299
6300
6319
6381
6382
6383
6384
6385
6386
6387
6388
6389
6390
6391
6392
6393
6394
6395
6396
6397
6398
6460
6461
6462
6463
6464
6465
6467
6468
6469
6470
6471
6472
6473
6474
6475
6476
6477
6478
6479
6480
6482
6485
6488
6489
6492
6524
6525
6526
6527
6528
6529
6530
6531
6532
6533
6534
6536
6537
6538
6554
6555
6617
6618
6619
6620
6621
6622
6623
6624
6625
6626
6627
6628
6629
6630
6631
6632
6696
6697
6698
6699
6701
6703
6704
6705
6706
6707
6708
6709
6710
6711
6712
6713
6714
6715
6716
6717
6718
6719
6721
6723
6724
6725
6727
6728
6729
6761
6762
6763
6764
6765
6766
6767
6768
6769
6770
6771
6772
6773
6774
6789
6791
6859
6860
6861
6862
6863
6864
6865
6866
6867
6868
6869
6870
6871
6872
6887
6930
6931
6932
6933
6934
6935
6936
6937
6938
6939
6940
6941
6942
6943
6944
6945
6946
6947
6948
6949
6950
6951
6952
6953
6956
6957
6958
6959
6961
6962
6963
6964
6971
6972
6999
7000
7001
7002
7003
7004
7005
7006
7007
7008
7009
7010
7011
7029
7031
7102
7103
7104
7105
7106
7107
7108
7109
7110
7111
7112
7113
7114
7115
7128
7167
7169
7170
7171
7172
7173
7174
7175
7176
7177
7178
7179
7180
7181
7182
7183
7184
7185
7186
7187
7188
7189
7190
7191
7192
7193
7195
7196
7197
7203
7213
7232
7233
7235
7236
7237
7238
7239
7240
7241
7242
7243
7244
7258
7259
7260
7261
7336
7337
7338
7339
7340
7341
7342
7343
7344
7345
7346
7347
7348
7349
7359
7360
7392
7393
7394
7395
7396
7397
7398
7399
7400
7401
7402
7403
7404
7405
7406
7407
7408
7409
7410
7412
7413
7414
7421
7428
7432
7433
7434
7451
7452
7453
7454
7455
7456
7457
7458
7459
7460
7461
7462
7463
7475
7476
7477
7478
7560
7561
7562
7563
7564
7565
7566
7567
7568
7569
7570
7571
7572
7573
7574
7575
7585
7586
7587
7622
7623
7624
7625
7626
7627
7628
7629
7630
7631
7632
7633
7634
7635
7636
7637
7638
7639
7640
7641
7642
7643
7644
7645
7651
7660
7661
7662
7663
7664
7665
7686
7687
7688
7689
7690
7691
7692
7693
7694
7695
7696
7697
7698
7699
7700
7702
7711
7712
7713
7714
7715
7716
7799
7800
7801
7802
7803
7804
7805
7806
7807
7808
7809
7810
7811
7812
7816
7824
7825
7828
7830
7860
7861
7862
7863
7864
7865
7866
7867
7868
7869
7870
7871
7872
7873
7874
7875
7876
7877
7878
7879
7880
7882
7887
7898
7899
7900
7901
7902
7921
7922
7923
7924
7925
7926
7927
7928
7929
7930
7931
7933
7941
7944
7945
7946
7947
8032
8033
8034
8035
8036
8037
8038
8039
8040
8041
8042
8045
8048
8052
8053
8055
8057
8092
8093
8094
8095
8096
8097
8098
8099
8100
8101
8102
8103
8104
8105
8106
8107
8108
8109
8111
8116
8126
8127
8128
8129
8130
8131
8132
8154
8155
8156
8157
8158
8159
8160
8161
8162
8163
8165
8166
8170
8172
8175
8176
8177
8178
8271
8272
8273
8274
8275
8276
8277
8278
8279
8280
8281
8282
8283
8292
8293
8295
8332
8333
8334
8335
8336
8337
8338
8339
8340
8341
8342
8343
8344
8345
8346
8351
8352
8359
8363
8364
8365
8366
8367
8368
8388
8389
8390
8391
8392
8393
8394
8395
8396
8397
8398
8399
8400
8402
8403
8406
8410
8411
8412
8415
8416
8417
8513
8514
8515
8516
8517
8518
8519
8520
8521
8522
8523
8524
8525
8531
8533
8534
8535
8573
8574
8575
8576
8577
8578
8579
8580
8582
8583
8584
8585
8586
8587
8591
8604
8605
8606
8607
8608
8609
8629
8630
8631
8632
8633
8634
8635
8636
8637
8638
8639
8640
8641
8642
8643
8649
8650
8651
8654
8655
8759
8760
8761
8762
8763
8764
8765
8766
8767
8768
8769
8770
8771
8772
8773
8774
8778
8781
8782
8783
8825
8826
8827
8828
8829
8830
8831
8832
8834
8835
8836
8837
8838
8839
8841
8842
8851
8854
8855
8856
8857
8858
8877
8878
8879
8880
8881
8882
8883
8884
8885
8886
8887
8888
8889
8890
8891
8892
8893
8895
8896
8900
8901
8902
8903
8905
8906
9011
9012
9013
9014
9015
9016
9017
9018
9019
9020
9021
9022
9023
9024
9025
9026
9027
9030
9031
9032
9077
9078
9079
9080
9081
9082
9084
9085
9086
9087
9089
9090
9091
9098
9099
9103
9104
9105
9106
9124
9125
9126
9127
9128
9129
9130
9131
9132
9133
9134
9135
9136
9137
9138
9139
9140
9141
9142
9143
9144
9146
9147
9148
9149
9150
9152
9249
9250
9251
9252
9253
9254
9255
9256
9257
9258
9259
9260
9261
9262
9263
9264
9266
9267
9320
9321
9322
9323
9324
9325
9327
9328
9329
9330
9331
9333
9334
9335
9336
9343
9344
9347
9348
9349
9350
9367
9368
9369
9370
9371
9372
9373
9374
9375
9376
9377
9378
9379
9380
9381
9382
9383
9384
9385
9386
9387
9388
9389
9479
9491
9492
9493
9494
9495
9496
9497
9498
9499
9500
9501
9502
9503
9504
9506
9557
9558
9559
9560
9561
9563
9564
9565
9566
9567
9569
9570
9571
9572
9573
9575
9582
9585
9586
9587
9588
9589
9590
9611
9612
9613
9614
9615
9616
9617
9618
9619
9620
9621
9622
9623
9624
9625
9626
9627
9628
9629
9630
9631
9632
9633
9719
9721
9722
9734
9735
9736
9737
9738
9739
9740
9741
9742
9795
9796
9797
9798
9799
9801
9802
9803
9804
9805
9807
9808
9809
9810
9812
9813
9814
9816
9817
9818
9825
9826
9827
9828
9829
9830
9831
9832
9833
9834
9855
9856
9857
9858
9859
9860
9861
9862
9863
9864
9866
9867
9868
9869
9870
9871
9872
9873
9874
9875
9961
9962
9964
9965
9966
9978
9979
9980
9981
9982
9983
10034
10035
10036
10037
10038
10039
10040
10041
10042
10043
10044
10045
10046
10048
10049
10050
10052
10054
10057
10061
10062
10063
10064
10065
10066
10067
10068
10069
10070
10071
10072
10078
10094
10095
10096
10097
10098
10099
10100
10101
10102
10103
10104
10105
10106
10107
10108
10109
10110
10111
10184
10201
10202
10203
10204
10205
10218
10219
10220
10221
10222
10270
10271
10272
10273
10274
10275
10276
10277
10278
10279
10280
10281
10282
10283
10285
10286
10287
10288
10289
10290
10292
10296
10297
10298
10299
10300
10301
10302
10303
10304
10305
10306
10311
10326
10327
10328
10329
10330
10331
10332
10333
10334
10335
10336
10337
10338
10339
10340
10341
10342
10343
10400
10408
10425
10428
10429
10430
10431
10432
10434
10435
10446
10447
10448
10499
10500
10501
10502
10503
10504
10505
10506
10507
10508
10509
10510
10511
10512
10513
10514
10515
10516
10518
10521
10522
10523
10524
10525
10526
10527
10528
10529
10530
10531
10532
10533
10534
10539
10540
10543
10552
10553
10554
10555
10556
10557
10558
10559
10560
10562
10563
10564
10565
10566
10567
10568
10569
10570
10635
10636
10656
10657
10658
10660
10661
10662
10663
10664
10666
10667
10680
10681
10682
10683
10745
10746
10747
10748
10749
10750
10751
10752
10753
10754
10755
10756
10757
10758
10759
10760
10761
10764
10765
10766
10767
10768
10769
10770
10771
10772
10773
10774
10775
10776
10781
10782
10786
10789
10798
10799
10800
10801
10802
10803
10804
10805
10806
10807
10808
10809
10810
10874
10875
10876
10897
10898
10899
10900
10901
10902
10903
10904
10905
10906
10907
10908
10919
10920
10983
10984
10985
10986
10987
10988
10989
10990
10991
10992
10993
10994
10995
10996
10997
11000
11001
11002
11003
11004
11005
11006
11007
11008
11009
11010
11011
11012
11013
11014
11018
11019
11023
11024
11027
11035
11036
11037
11038
11039
11040
11041
11042
11043
11044
11045
11046
11108
11109
11110
11126
11127
11128
11129
11134
11135
11136
11137
11138
11139
11140
11141
11142
11143
11145
11146
11154
11187
11218
11219
11220
11221
11222
11223
11224
11225
11226
11227
11228
11229
11230
11232
11233
11234
11235
11236
11237
11238
11239
11240
11241
11242
11243
11244
11245
11246
11247
11248
11249
11250
11251
11252
11258
11259
11260
11267
11270
11271
11272
11273
11274
11275
11276
11277
11278
11337
11338
11354
11357
11358
11359
11360
11361
11362
11365
11366
11367
11368
11369
11370
11371
11372
11373
11374
11375
11377
11378
11417
11418
11451
11452
11453
11454
11455
11456
11457
11458
11459
11460
11461
11462
11463
11464
11465
11466
11467
11468
11469
11470
11471
11472
11473
11474
11475
11476
11477
11478
11479
11480
11481
11482
11483
11484
11485
11491
11492
11493
11494
11500
11501
11504
11505
11506
11507
11508
11509
11510
11571
11572
11588
11592
11597
11598
11599
11600
11601
11602
11604
11605
11606
11607
11608
11609
11610
11611
11612
11613
11614
11616
11617
11651
11652
11653
11654
11684
11685
11686
11687
11688
11689
11690
11691
11692
11693
11694
11695
11696
11697
11698
11699
11700
11701
11702
11703
11704
11705
11706
11707
11708
11709
11710
11711
11712
11713
11714
11715
11716
11717
11718
11725
11726
11727
11733
11734
11737
11738
11803
11804
11815
11823
11825
11826
11828
11830
11831
11836
11837
11838
11839
11840
11841
11842
11843
11844
11845
11846
11847
11848
11849
11850
11851
11852
11853
11854
11890
11891
11892
11893
11924
11925
11926
11927
11928
11929
11930
11931
11932
11933
11934
11935
11936
11937
11938
11939
11940
11941
11942
11943
11944
11945
11946
11947
11948
11949
11950
11951
11952
11953
11954
11955
11956
11957
11958
11959
11960
11961
11967
11968
11969
11974
11975
11978
12046
12047
12049
12050
12056
12057
12068
12069
12070
12071
12074
12076
12077
12078
12083
12084
12085
12086
12087
12088
12089
12090
12091
12092
12093
12094
12095
12096
12097
12098
12099
12100
12144
12145
12146
12147
12175
12176
12177
12178
12179
12180
12181
12182
12183
12184
12185
12186
12187
12188
12189
12190
12191
12192
12193
12194
12195
12196
12197
12198
12199
12200
12201
12202
12203
12204
12205
12206
12207
12208
12209
12210
12211
12216
12217
12222
12223
12224
12228
12302
12303
12305
12311
12312
12317
12318
12319
12321
12323
12325
12326
12327
12328
12330
12335
12336
12337
12338
12339
12340
12341
12342
12343
12344
12345
12346
12347
12348
12391
12399
12400
12401
12431
12432
12433
12434
12435
12436
12437
12438
12440
12441
12442
12443
12444
12445
12446
12447
12448
12449
12450
12451
12452
12453
12454
12455
12456
12457
12458
12459
12460
12461
12462
12463
12464
12465
12466
12470
12471
12476
12477
12478
12571
12572
12578
12579
12580
12582
12583
12584
12585
12587
12588
12591
12593
12594
12595
12596
12597
12598
12599
12605
12606
12607
12608
12609
12610
12611
12612
12613
12614
12615
12658
12665
12666
12667
12691
12692
12693
12695
12696
12697
12698
12699
12701
12702
12703
12704
12705
12706
12707
12708
12709
12710
12711
12712
12713
12714
12715
12716
12717
12718
12719
12720
12721
12722
12723
12724
12725
12726
12727
12731
12732
12733
12737
12738
12739
12831
12834
12836
12837
12838
12839
12841
12842
12843
12844
12846
12847
12848
12850
12852
12853
12854
12855
12856
12857
12864
12865
12866
12867
12868
12869
12870
12912
12913
12921
12922
12923
12940
12941
12942
12943
12944
12945
12946
12947
12948
12949
12950
12951
12952
12953
12954
12955
12956
12957
12958
12959
12960
12961
12962
12963
12964
12965
12966
12967
12968
12969
12970
12971
12972
12973
12974
12978
12979
12980
12981
12984
12986
12987
13084
13086
13087
13088
13089
13090
13091
13092
13093
13094
13095
13096
13097
13098
13099
13100
13101
13102
13105
13106
13107
13108
13109
13110
13111
13112
13113
13118
13119
13120
13121
13122
13167
13168
13169
13170
13178
13179
13180
13195
13196
13197
13198
13199
13200
13201
13202
13203
13204
13205
13206
13207
13208
13209
13210
13211
13212
13213
13214
13215
13216
13217
13218
13219
13220
13221
13222
13223
13224
13225
13226
13229
13231
13233
13234
13236
13327
13328
13329
13330
13331
13332
13333
13334
13335
13336
13337
13338
13339
13340
13341
13342
13343
13344
13346
13347
13348
13351
13352
13353
13354
13355
13356
13357
13362
13363
13364
13365
13407
13408
13409
13410
13411
13419
13420
13421
13435
13436
13437
13438
13439
13440
13441
13442
13443
13444
13445
13446
13447
13448
13449
13450
13451
13452
13453
13454
13455
13456
13457
13458
13459
13460
13461
13462
13463
13464
13469
13470
13471
13472
13500
13559
13560
13561
13562
13563
13564
13565
13566
13567
13568
13569
13570
13571
13572
13573
13575
13576
13577
13578
13580
13581
13585
13586
13587
13588
13589
13590
13591
13592
13593
13594
13597
13598
13642
13643
13644
13652
13666
13667
13668
13669
13670
13671
13672
13673
13674
13675
13676
13677
13678
13679
13680
13681
13682
13683
13684
13685
13686
13687
13688
13689
13690
13691
13692
13694
13695
13696
13697
13698
13724
13784
13785
13786
13787
13788
13789
13790
13791
13792
13793
13794
13795
13796
13798
13799
13800
13801
13802
13803
13805
13808
13809
13810
13811
13812
13813
13814
13815
13816
13817
13821
13864
13865
13867
13868
13869
13877
13889
13890
13891
13892
13893
13894
13895
13896
13897
13898
13899
13900
13901
13902
13903
13904
13905
13906
13907
13908
13909
13910
13912
13913
13914
13915
13926
13947
14009
14010
14011
14012
14013
14014
14015
14016
14017
14018
14019
14020
14021
14022
14023
14024
14025
14026
14027
14028
14029
14030
14032
14035
14036
14037
14038
14039
14040
14041
14042
14043
14090
14093
14094
14095
14112
14113
14114
14115
14116
14117
14118
14119
14120
14121
14122
14123
14124
14125
14126
14127
14128
14129
14130
14131
14132
14133
14134
14135
14136
14137
14138
14150
14152
14153
14191
14192
14237
14238
14239
14240
14241
14242
14243
14244
14245
14246
14247
14248
14249
14250
14251
14252
14253
14259
14260
14261
14262
14263
14264
14265
14266
14268
14320
14321
14322
14338
14339
14340
14341
14342
14343
14344
14345
14346
14347
14348
14349
14350
14351
14352
14353
14354
14355
14356
14357
14358
14359
14360
14361
14374
14376
14377
14411
14412
14414
14453
14454
14455
14456
14457
14458
14459
14460
14461
14462
14463
14464
14465
14466
14467
14468
14469
14470
14474
14475
14476
14477
14478
14479
14480
14481
14482
14483
14484
14485
14487
14488
14540
14542
14543
14544
14545
14559
14560
14561
14562
14563
14564
14565
14566
14567
14568
14569
14570
14571
14572
14573
14574
14575
14576
14577
14578
14579
14580
14581
14582
14598
14599
14601
14602
14603
14622
14632
14636
14637
14638
14679
14680
14681
14682
14683
14684
14685
14686
14687
14688
14689
14690
14691
14692
14693
14694
14695
14698
14699
14700
14701
14702
14703
14705
14706
14707
14708
14709
14711
14712
14762
14763
14764
14765
14778
14779
14780
14781
14782
14783
14784
14785
14786
14787
14788
14789
14790
14791
14792
14793
14794
14795
14796
14797
14798
14799
14800
14802
14818
14819
14820
14822
14823
14824
14825
14854
14857
14858
14900
14901
14902
14903
14904
14905
14906
14907
14908
14909
14910
14911
14912
14913
14914
14915
14916
14917
14921
14922
14923
14924
14925
14926
14930
14931
14932
14933
14934
14936
14937
14985
14986
14987
14988
15001
15002
15003
15004
15005
15006
15007
15008
15009
15010
15011
15012
15013
15014
15015
15016
15017
15018
15019
15020
15021
15022
15023
15025
15026
15041
15042
15043
15044
15045
15046
15047
15072
15073
15078
15079
15126
15127
15128
15129
15130
15131
15132
15133
15134
15135
15136
15137
15138
15139
15141
15142
15143
15144
15145
15151
15152
15153
15154
15155
15159
15160
15161
15162
15163
15164
15165
15167
15168
15214
15216
15228
15229
15230
15231
15232
15233
15234
15235
15236
15237
15238
15239
15240
15241
15242
15243
15244
15245
15246
15247
15248
15250
15263
15264
15265
15266
15267
15268
15269
15270
15294
15295
15297
15354
15355
15356
15357
15358
15359
15360
15361
15362
15363
15364
15365
15366
15367
15368
15369
15370
15371
15376
15377
15378
15379
15385
15386
15387
15388
15389
15390
15391
15392
15393
15395
15396
15445
15447
15458
15459
15460
15461
15462
15463
15464
15465
15466
15467
15468
15469
15470
15471
15472
15473
15474
15475
15476
15477
15479
15491
15492
15493
15494
15495
15496
15497
15498
15518
15519
15521
15579
15580
15581
15582
15583
15584
15585
15586
15587
15588
15589
15590
15592
15593
15594
15595
15596
15597
15598
15602
15603
15604
15605
15611
15612
15613
15614
15615
15616
15617
15618
15620
15673
15675
15685
15686
15687
15688
15689
15690
15691
15692
15693
15694
15695
15696
15697
15698
15699
15700
15701
15702
15704
15711
15714
15715
15716
15717
15718
15719
15720
15721
15742
15804
15805
15806
15807
15808
15809
15810
15811
15812
15814
15816
15817
15818
15819
15820
15821
15822
15823
15828
15829
15830
15834
15835
15836
15837
15838
15839
15840
15841
15842
15843
15844
15845
15846
15847
15897
15898
15899
15900
15911
15912
15913
15914
15915
15916
15917
15918
15919
15920
15921
15922
15923
15924
15926
15933
15936
15937
15938
15939
15940
15941
15942
15943
15963
16025
16026
16027
16028
16029
16030
16031
16032
16034
16037
16038
16039
16040
16041
16042
16043
16044
16049
16050
16055
16056
16057
16058
16059
16060
16061
16062
16063
16064
16065
16066
16067
16068
16069
16070
16072
16073
16121
16122
16133
16134
16135
16136
16137
16138
16139
16140
16141
16142
16143
16144
16145
16148
16154
16157
16158
16159
16160
16161
16162
16163
16164
16165
16251
16252
16253
16254
16255
16257
16259
16260
16261
16262
16263
16264
16265
16266
16267
16268
16269
16270
16271
16275
16276
16281
16282
16283
16284
16285
16286
16287
16288
16289
16290
16291
16292
16293
16294
16295
16296
16297
16298
16299
16300
16301
16302
16303
16347
16348
16358
16359
16360
16361
16362
16363
16364
16365
16366
16372
16375
16376
16377
16378
16379
16380
16381
16382
16383
16464
16465
16466
16467
16469
16470
16474
16475
16476
16477
16478
16479
16480
16481
16482
16483
16484
16486
16489
16490
16493
16494
16495
16496
16497
16498
16499
16500
16501
16502
16503
16504
16505
16506
16507
16508
16509
16510
16511
16513
16514
16515
16516
16566
16567
16568
16577
16578
16579
16580
16581
16582
16583
16584
16585
16592
16594
16595
16596
16597
16598
16599
16600
16601
16681
16682
16685
16689
16690
16691
16692
16693
16694
16695
16696
16697
16698
16699
16700
16701
16707
16708
16711
16712
16713
16714
16715
16716
16717
16718
16719
16720
16721
16722
16723
16724
16725
16726
16727
16729
16731
16786
16787
16788
16789
16793
16794
16795
16796
16802
16804
16805
16806
16807
16808
16809
16810
16811
16812
16893
16894
16895
16897
16901
16902
16903
16904
16905
16906
16907
16908
16909
16910
16911
16912
16916
16917
16920
16921
16922
16923
16924
16925
16926
16927
16928
16929
16930
16931
16932
16933
16934
16935
16936
16937
16939
16940
16941
16942
16943
17000
17001
17002
17003
17007
17008
17009
17010
17015
17016
17017
17018
17020
17021
17022
17023
17024
17025
17026
17027
17028
17116
17117
17123
17124
17125
17126
17127
17128
17129
17130
17131
17132
17134
17135
17139
17142
17143
17144
17145
17146
17147
17148
17149
17150
17151
17152
17153
17154
17155
17156
17157
17158
17159
17160
17162
17163
17164
17165
17166
17169
17229
17230
17231
17234
17235
17236
17243
17244
17245
17246
17247
17249
17250
17251
17252
17253
17254
17255
17256
17257
17258
17343
17344
17351
17352
17353
17354
17355
17356
17357
17360
17363
17364
17368
17371
17372
17373
17374
17375
17376
17377
17378
17379
17380
17381
17382
17383
17384
17385
17386
17387
17389
17390
17391
17392
17393
17455
17456
17457
17458
17460
17461
17462
17470
17471
17472
17473
17474
17478
17479
17480
17482
17483
17484
17485
17486
17487
17488
17583
17584
17588
17589
17590
17591
17592
17593
17594
17595
17596
17603
17605
17608
17609
17611
17612
17613
17614
17615
17616
17617
17618
17619
17621
17622
17623
17624
17625
17626
17627
17628
17629
17630
17631
17632
17694
17695
17696
17699
17700
17701
17707
17708
17709
17710
17711
17712
17713
17714
17715
17716
17717
17718
17719
17720
17721
17722
17723
17811
17812
17813
17814
17815
17816
17817
17818
17819
17820
17821
17822
17823
17824
17826
17829
17832
17833
17835
17837
17839
17840
17841
17842
17843
17844
17845
17846
17847
17850
17851
17852
17853
17854
17855
17856
17858
17859
17860
17861
17933
17934
17935
17938
17939
17940
17941
17944
17948
17949
17950
17951
17952
17953
17954
17955
17956
17957
17958
17959
17961
17962
17963
17964
18052
18053
18054
18055
18056
18057
18058
18059
18060
18061
18062
18064
18069
18072
18074
18075
18076
18077
18078
18079
18080
18081
18082
18083
18086
18087
18088
18089
18090
18091
18092
18093
18094
18095
18096
18098
18099
18100
18101
18102
18103
18172
18176
18177
18178
18179
18182
18186
18187
18188
18189
18190
18191
18192
18193
18194
18195
18197
18198
18199
18200
18287
18288
18289
18290
18291
18292
18293
18294
18295
18296
18297
18298
18299
18301
18308
18309
18310
18311
18312
18313
18314
18315
18316
18317
18318
18319
18320
18322
18323
18324
18325
18326
18327
18328
18329
18330
18331
18334
18335
18336
18337
18410
18414
18415
18416
18417
18418
18419
18420
18423
18424
18425
18426
18427
18428
18429
18430
18431
18432
18433
18434
18436
18437
18438
18525
18527
18528
18529
18530
18531
18532
18533
18534
18535
18536
18537
18538
18539
18545
18546
18547
18548
18549
18550
18551
18552
18553
18554
18555
18556
18557
18558
18559
18560
18561
18562
18563
18564
18565
18566
18567
18568
18569
18570
18571
18572
18573
18574
18575
18650
18651
18652
18653
18654
18655
18657
18658
18659
18660
18661
18662
18663
18664
18665
18666
18667
18669
18670
18671
18763
18771
18772
18773
18774
18775
18776
18777
18778
18779
18780
18781
18782
18789
18790
18791
18792
18793
18794
18795
18796
18797
18798
18799
18800
18801
18802
18803
18804
18805
18806
18807
18808
18809
18810
18811
18812
18813
18814
18815
18817
18818
18819
18896
18897
18898
18899
18900
18902
18903
18904
18905
18906
18907
18908
18909
18910
18911
18912
18913
18914
18915
18916
18917
18949
18997
19001
19009
19010
19011
19012
19013
19014
19015
19016
19017
19018
19019
19020
19021
19022
19023
19024
19030
19032
19033
19034
19035
19036
19037
19038
19039
19040
19041
19042
19043
19044
19045
19046
19047
19048
19049
19050
19051
19052
19053
19054
19055
19056
19057
19058
19059
19060
19061
19062
19063
19064
19065
19107
19148
19149
19150
19151
19152
19153
19154
19155
19156
19157
19158
19159
19160
19161
19162
19163
19164
19191
19193
19246
19250
19251
19259
19260
19261
19262
19263
19264
19265
19266
19267
19268
19269
19270
19271
19272
19273
19274
19279
19281
19282
19283
19284
19285
19286
19287
19288
19289
19290
19291
19292
19293
19294
19295
19296
19297
19298
19299
19300
19301
19302
19303
19304
19305
19306
19307
19308
19309
19310
19345
19346
19347
19351
19390
19391
19392
19393
19394
19395
19396
19397
19398
19399
19400
19401
19402
19403
19404
19428
19429
19431
19494
19496
19497
19503
19504
19505
19506
19507
19508
19509
19510
19511
19512
19513
19514
19515
19516
19517
19518
19522
19524
19525
19526
19527
19528
19529
19530
19531
19532
19533
19534
19535
19536
19537
19538
19539
19540
19541
19542
19543
19544
19545
19546
19547
19548
19549
19550
19551
19587
19589
19591
19592
19633
19634
19635
19636
19637
19638
19639
19640
19641
19642
19643
19644
19645
19646
19669
19670
19671
19672
19732
19733
19735
19740
19741
19742
19743
19744
19745
19746
19747
19748
19749
19750
19751
19752
19753
19758
19759
19760
19761
19762
19763
19764
19765
19766
19767
19768
19769
19770
19771
19772
19773
19774
19775
19776
19777
19778
19779
19780
19781
19782
19783
19784
19785
19786
19822
19823
19824
19827
19873
19874
19875
19876
19877
19878
19879
19880
19881
19882
19883
19901
19902
19903
19904
19968
19975
19976
19977
19978
19979
19980
19981
19982
19983
19984
19985
19986
19987
19988
19989
19993
19994
19995
19996
19997
19998
19999
20000
20001
20002
20003
20004
20005
20006
20008
20009
20010
20011
20012
20013
20014
20015
20016
20017
20018
20019
20054
20056
20059
20060
20103
20104
20105
20106
20107
20108
20109
20122
20123
20124
20125
20126
20127
20128
20203
20205
20206
20207
20208
20209
20210
20211
20212
20213
20214
20215
20216
20217
20218
20219
20222
20223
20224
20225
20226
20227
20228
20229
20230
20231
20232
20234
20235
20236
20237
20238
20240
20241
20242
20243
20244
20245
20246
20247
20248
20249
20282
20283
20284
20285
20290
20331
20332
20333
20334
20335
20336
20337
20350
20351
20352
20353
20354
20355
20356
20357
20423
20434
20435
20436
20437
20438
20439
20440
20441
20442
20443
20444
20445
20446
20447
20448
20449
20450
20451
20452
20453
20454
20455
20456
20457
20458
20459
20461
20462
20463
20464
20465
20466
20469
20470
20471
20472
20473
20474
20475
20476
20509
20510
20511
20512
20513
20514
20518
20519
20560
20561
20562
20563
20564
20565
20566
20576
20577
20578
20579
20580
20581
20582
20583
20659
20660
20661
20662
20663
20664
20665
20666
20667
20668
20669
20670
20671
20672
20673
20674
20675
20676
20677
20678
20679
20680
20683
20684
20686
20687
20688
20690
20692
20693
20694
20695
20696
20697
20698
20699
20700
20739
20740
20741
20743
20744
20745
20749
20791
20792
20793
20794
20803
20804
20806
20807
20808
20809
20872
20873
20887
20888
20889
20890
20891
20892
20893
20894
20895
20896
20897
20898
20899
20900
20901
20902
20903
20904
20905
20906
20907
20910
20911
20913
20914
20915
20916
20917
20918
20919
20920
20921
20922
20923
20924
20963
20964
20965
20966
20967
20969
20970
20971
20975
20976
21022
21023
21024
21025
21026
21027
21037
21038
21039
21041
21042
21043
21044
21045
21112
21113
21128
21129
21130
21131
21132
21133
21134
21135
21136
21137
21138
21139
21140
21141
21142
21143
21144
21145
21146
21147
21148
21151
21152
21154
21155
21156
21157
21158
21159
21160
21161
21162
21200
21201
21202
21204
21205
21206
21211
21212
21260
21261
21262
21263
21264
21271
21272
21275
21276
21277
21278
21279
21280
21352
21353
21369
21370
21371
21373
21374
21375
21376
21377
21378
21379
21380
21381
21382
21383
21384
21385
21389
21392
21393
21394
21395
21396
21397
21398
21399
21400
21434
21435
21436
21438
21439
21440
21443
21444
21491
21492
21493
21494
21495
21496
21499
21500
21502
21504
21505
21506
21507
21508
21509
21510
21511
21577
21578
21583
21585
21599
21600
21601
21602
21604
21605
21606
21607
21608
21609
21610
21611
21612
21613
21614
21615
21616
21617
21619
21622
21623
21624
21625
21626
21627
21628
21629
21665
21666
21667
21668
21670
21671
21672
21674
21675
21728
21729
21730
21731
21732
21733
21735
21736
21738
21739
21740
21741
21742
21743
21744
21819
21820
21821
21834
21835
21836
21837
21838
21840
21841
21842
21843
21844
21845
21846
21847
21848
21849
21850
21851
21852
21853
21857
21858
21859
21860
21861
21862
21863
21864
21899
21900
21902
21904
21906
21907
21908
21910
21960
21961
21962
21963
21964
21966
21967
21969
21970
21971
21972
21973
21974
21975
21976
21977
22050
22056
22057
22058
22074
22075
22076
22077
22078
22080
22081
22082
22083
22084
22085
22086
22087
22088
22089
22090
22091
22092
22093
22096
22097
22098
22099
22100
22101
22102
22137
22138
22139
22141
22142
22144
22145
22146
22147
22148
22150
22195
22196
22197
22199
22200
22201
22203
22204
22205
22206
22207
22208
22209
22210
22289
22295
22296
22297
22298
22300
22312
22313
22314
22315
22316
22318
22319
22320
22321
22322
22323
22324
22325
22326
22327
22328
22329
22330
22331
22332
22333
22336
22337
22338
22339
22340
22341
22342
22375
22376
22377
22378
22380
22382
22383
22384
22385
22386
22387
22388
22429
22430
22432
22433
22434
22436
22437
22438
22439
22440
22441
22442
22443
22540
22541
22542
22544
22556
22557
22558
22559
22560
22562
22563
22564
22565
22566
22567
22568
22569
22570
22571
22572
22573
22574
22575
22576
22577
22578
22579
22580
22582
22583
22584
22585
22586
22587
22588
22622
22623
22624
22625
22626
22629
22630
22631
22632
22633
22634
22635
22636
22670
22671
22673
22674
22675
22676
22678
22679
22680
22681
22682
22683
22684
22685
22686
22780
22787
22788
22791
22802
22803
22804
22805
22807
22808
22809
22810
22811
22812
22813
22814
22815
22816
22817
22818
22819
22820
22821
22822
22823
22824
22825
22827
22828
22829
22830
22831
22832
22860
22866
22867
22868
22869
22870
22871
22875
22876
22877
22878
22879
22880
22881
22882
22915
22916
22918
22919
22920
22921
22923
22924
22925
22926
22927
22928
23026
23033
23034
23035
23037
23047
23048
23049
23050
23051
23052
23053
23054
23055
23056
23057
23058
23059
23060
23061
23062
23063
23064
23065
23066
23067
23070
23071
23072
23073
23099
23104
23105
23106
23107
23108
23109
23110
23115
23116
23117
23118
23119
23121
23122
23123
23156
23158
23159
23161
23162
23164
23165
23166
23167
23168
23169
23170
23171
23268
23269
23270
23280
23281
23282
23283
23284
23285
23286
23287
23288
23289
23290
23291
23292
23293
23294
23295
23296
23297
23299
23301
23302
23303
23304
23332
23337
23338
23339
23340
23341
23342
23346
23347
23348
23349
23350
23351
23352
23354
23355
23386
23388
23389
23390
23392
23394
23395
23396
23397
23398
23399
23400
23401
23402
23403
23404
23498
23501
23502
23511
23512
23513
23514
23515
23516
23517
23518
23519
23520
23521
23522
23523
23524
23525
23526
23527
23528
23530
23531
23532
23565
23566
23567
23568
23569
23570
23572
23573
23574
23575
23576
23577
23579
23608
23609
23610
23613
23615
23616
23617
23618
23620
23621
23622
23623
23624
23625
23626
23627
23628
23629
23730
23733
23742
23743
23744
23745
23746
23747
23748
23749
23750
23751
23752
23753
23754
23755
23756
23786
23787
23788
23789
23790
23791
23793
23794
23795
23797
23798
23801
23834
23835
23836
23839
23840
23841
23842
23843
23845
23846
23847
23848
23849
23850
23851
23852
23853
23854
23855
23856
23960
23962
23971
23972
23973
23974
23975
23976
23977
23978
23979
23980
23981
23982
24010
24011
24012
24013
24014
24015
24017
24018
24019
24022
24023
24024
24025
24057
24058
24059
24060
24063
24064
24065
24066
24067
24068
24069
24071
24073
24074
24075
24076
24077
24078
24079
24080
24081
24082
24083
24130
24172
24173
24174
24176
24183
24184
24185
24186
24187
24188
24189
24190
24191
24192
24193
24194
24221
24222
24223
24224
24225
24226
24227
24230
24231
24234
24235
24236
24271
24272
24273
24277
24278
24279
24280
24281
24282
24283
24284
24287
24288
24289
24290
24291
24292
24293
24294
24295
24347
24393
24395
24400
24401
24402
24403
24404
24405
24406
24407
24408
24409
24410
24439
24440
24441
24442
24443
24444
24445
24446
24447
24448
24451
24452
24456
24457
24458
24459
24497
24498
24500
24501
24502
24503
24504
24505
24506
24508
24509
24511
24512
24513
24514
24515
24516
24517
24518
24519
24568
24614
24617
24622
24623
24624
24625
24626
24627
24628
24629
24658
24659
24660
24661
24662
24663
24664
24665
24666
24668
24669
24670
24674
24675
24676
24677
24710
24712
24713
24714
24715
24716
24717
24718
24719
24720
24721
24722
24723
24724
24725
24726
24728
24729
24730
24731
24732
24733
24734
24735
24736
24737
24786
24835
24837
24841
24842
24843
24844
24845
24846
24847
24873
24874
24875
24876
24877
24878
24879
24880
24881
24882
24883
24884
24885
24887
24888
24889
24893
24894
24895
24929
24930
24931
24932
24935
24936
24937
24938
24939
24940
24941
24942
24944
24945
24946
24947
24948
24949
24950
24951
24952
24953
24954
24955
24956
24957
25012
25062
25066
25067
25068
25069
25070
25071
25096
25097
25098
25099
25100
25101
25102
25103
25104
25105
25106
25107
25108
25109
25110
25113
25115
25147
25148
25149
25150
25151
25153
25154
25155
25156
25157
25158
25159
25160
25161
25162
25165
25166
25167
25168
25169
25170
25172
25173
25174
25175
25176
25177
25178
25233
25267
25276
25291
25292
25293
25294
25295
25296
25321
25322
25323
25324
25325
25326
25327
25328
25329
25332
25333
25334
25335
25336
25338
25367
25368
25369
25370
25371
25372
25373
25374
25375
25376
25377
25380
25382
25383
25384
25385
25386
25387
25390
25391
25392
25393
25394
25395
25449
25488
25491
25507
25508
25509
25510
25534
25535
25536
25537
25538
25539
25540
25541
25542
25543
25546
25547
25548
25549
25578
25579
25580
25581
25582
25583
25584
25585
25586
25587
25588
25589
25592
25593
25594
25595
25596
25597
25598
25601
25602
25603
25604
25605
25606
25607
25656
25688
25697
25700
25713
25714
25715
25740
25741
25742
25743
25744
25745
25746
25747
25748
25749
25750
25751
25752
25755
25756
25757
25783
25784
25785
25786
25787
25788
25789
25790
25792
25793
25794
25796
25798
25799
25800
25801
25802
25803
25804
25805
25808
25809
25810
25811
25812
25813
25814
25873
25874
25905
25914
25932
25933
25934
25959
25960
25961
25962
25963
25964
25965
25966
25967
25968
25969
25970
25971
25972
25973
25974
25975
25980
25981
25982
26011
26012
26013
26014
26015
26016
26017
26018
26020
26021
26022
26023
26024
26026
26028
26029
26030
26031
26032
26033
26034
26035
26036
26037
26039
26040
26041
26042
26043
26044
26045
26046
26100
26131
26134
26185
26186
26187
26188
26189
26190
26191
26195
26196
26197
26198
26199
26200
26201
26202
26206
26207
26208
26209
26238
26239
26240
26241
26242
26243
26244
26247
26248
26249
26250
26251
26254
26256
26257
26258
26259
26260
26261
26262
26263
26264
26265
26266
26267
26268
26269
26270
26271
26272
26355
26356
26358
26359
26410
26411
26412
26413
26414
26415
26416
26417
26422
26423
26424
26425
26426
26427
26428
26429
26430
26434
26435
26436
26437
26438
26469
26471
26472
26473
26474
26475
26476
26477
26478
26479
26480
26483
26484
26485
26486
26487
26489
26490
26491
26492
26493
26494
26495
26496
26497
26498
26499
26500
26501
26502
26503
26588
26642
26643
26644
26645
26648
26649
26650
26655
26656
26657
26658
26659
26660
26661
26662
26665
26666
26668
26669
26670
26671
26700
26701
26702
26703
26704
26705
26706
26707
26708
26709
26713
26714
26715
26716
26719
26722
26723
26724
26725
26726
26727
26729
26819
26822
26870
26871
26872
26873
26874
26875
26879
26880
26881
26882
26887
26888
26889
26890
26891
26892
26893
26894
26895
26898
26902
26903
26904
26905
26934
26935
26936
26937
26938
26939
26940
26941
26942
26943
26944
26945
26946
26947
26948
26949
26950
26951
26956
26957
26958
26959
26961
26962
27048
27051
27097
27098
27099
27100
27101
27102
27107
27108
27110
27112
27116
27117
27118
27119
27120
27121
27122
27123
27124
27125
27126
27127
27131
27135
27136
27137
27163
27164
27165
27166
27167
27168
27169
27170
27171
27172
27173
27174
27175
27176
27177
27178
27179
27180
27181
27186
27187
27189
27281
27285
27323
27324
27325
27326
27327
27328
27329
27333
27335
27336
27339
27341
27345
27346
27347
27348
27349
27350
27351
27352
27353
27354
27355
27356
27357
27358
27362
27367
27368
27369
27370
27398
27399
27400
27401
27402
27403
27404
27405
27406
27407
27408
27409
27410
27411
27412
27413
27414
27416
27417
27424
27425
27514
27515
27516
27517
27557
27558
27559
27560
27561
27567
27570
27572
27575
27576
27577
27578
27579
27580
27581
27582
27583
27584
27585
27586
27587
27588
27589
27590
27591
27592
27593
27597
27602
27603
27626
27627
27628
27629
27630
27631
27632
27633
27634
27635
27636
27637
27638
27639
27640
27641
27643
27646
27654
27655
27719
27752
27754
27755
27794
27795
27796
27797
27798
27807
27810
27812
27813
27814
27815
27816
27817
27818
27820
27823
27824
27825
27826
27827
27828
27829
27830
27831
27832
27833
27834
27836
27840
27845
27846
27867
27868
27869
27870
27871
27872
27873
27874
27875
27876
27877
27878
27879
27880
27881
27882
27886
27887
27893
27962
27996
27997
28035
28036
28037
28038
28039
28046
28048
28049
28050
28051
28052
28053
28054
28058
28061
28062
28063
28064
28065
28066
28067
28068
28069
28071
28072
28073
28074
28082
28100
28101
28102
28103
28104
28105
28106
28107
28108
28110
28111
28112
28113
28114
28115
28117
28118
28123
28124
28126
28230
28231
28271
28272
28273
28274
28275
28283
28284
28285
28286
28287
28288
28290
28293
28295
28296
28297
28298
28299
28300
28301
28303
28304
28305
28328
28329
28330
28331
28332
28333
28334
28335
28336
28340
28341
28342
28343
28344
28345
28346
28347
28348
28351
28352
28354
28356
28357
28423
28425
28454
28496
28497
28498
28499
28500
28501
28505
28506
28507
28508
28509
28510
28511
28512
28515
28518
28521
28522
28523
28524
28525
28526
28528
28529
28548
28549
28550
28551
28552
28553
28554
28555
28556
28557
28562
28563
28564
28565
28566
28567
28568
28569
28570
28571
28572
28573
28576
28577
28580
28649
28652
28680
28683
28721
28722
28723
28724
28725
28731
28732
28733
28734
28735
28736
28740
28746
28747
28748
28749
28750
28751
28752
28753
28754
28755
28757
28758
28778
28779
28780
28781
28782
28783
28784
28785
28786
28787
28788
28790
28795
28796
28797
28798
28799
28800
28801
28802
28803
28804
28805
28806
28807
28809
28881
28884
28939
28940
28941
28942
28946
28950
28951
28952
28953
28954
28955
28956
28957
28961
28969
28970
28971
28972
28973
28974
28975
28976
28977
28978
28979
28985
29001
29002
29003
29004
29005
29006
29007
29008
29009
29010
29011
29012
29018
29019
29020
29021
29022
29023
29024
29025
29026
29027
29028
29029
29030
29094
29098
29158
29159
29160
29161
29163
29168
29169
29170
29171
29172
29173
29175
29176
29181
29191
29192
29193
29194
29195
29196
29197
29198
29199
29200
29201
29202
29221
29222
29223
29224
29225
29226
29227
29228
29229
29230
29231
29232
29233
29239
29240
29241
29242
29243
29244
29245
29246
29247
29248
29249
29250
29251
29252
29253
29254
29255
29256
29322
29324
29329
29351
29385
29386
29394
29395
29396
29397
29398
29399
29401
29402
29416
29417
29418
29419
29420
29421
29422
29423
29424
29425
29426
29427
29428
29446
29447
29448
29449
29450
29451
29452
29453
29454
29455
29456
29457
29458
29459
29460
29466
29467
29468
29469
29470
29471
29472
29473
29474
29475
29476
29477
29478
29479
29480
29481
29482
29483
29484
29485
29547
29555
29562
29585
29628
29629
29630
29631
29632
29633
29635
29636
29645
29646
29647
29648
29649
29650
29651
29652
29653
29654
29656
29657
29658
29659
29673
29674
29675
29676
29678
29679
29680
29681
29682
29683
29684
29692
29693
29694
29695
29696
29698
29700
29701
29702
29703
29704
29705
29706
29707
29708
29709
29710
29711
29712
29713
29714
29715
29788
29794
29814
29850
29859
29860
29861
29862
29863
29865
29873
29874
29876
29877
29878
29879
29880
29881
29882
29883
29886
29888
29901
29902
29903
29904
29905
29908
29909
29910
29911
29912
29913
29914
29915
29916
29917
29923
29924
29925
29926
29927
29929
29930
29931
29932
29933
29934
29935
29936
29937
29938
29939
29940
29941
29942
29943
30014
30015
30016
30081
30082
30083
30084
30085
30087
30093
30096
30097
30098
30099
30100
30101
30102
30103
30104
30108
30109
30111
30121
30122
30123
30127
30128
30129
30130
30131
30132
30133
30134
30135
30136
30140
30141
30142
30143
30144
30145
30146
30148
30149
30150
30151
30152
30153
30154
30155
30156
30157
30158
30159
30160
30161
30162
30163
30164
30234
30241
30243
30244
30312
30313
30314
30316
30325
30326
30327
30328
30329
30330
30331
30332
30333
30334
30340
30341
30350
30351
30357
30359
30360
30361
30362
30363
30364
30365
30370
30371
30372
30373
30374
30375
30376
30377
30378
30380
30381
30382
30383
30384
30385
30386
30387
30388
30389
30390
30391
30392
30393
30394
30466
30467
30533
30534
30535
30547
30548
30549
30550
30551
30552
30553
30554
30555
30556
30557
30563
30564
30565
30566
30574
30581
30582
30583
30584
30585
30586
30587
30588
30589
30590
30591
30592
30596
30597
30598
30599
30600
30601
30602
30605
30606
30607
30608
30609
30610
30611
30612
30613
30614
30615
30616
30617
30688
30718
30751
30752
30753
30764
30765
30766
30767
30768
30769
30770
30771
30772
30773
30774
30776
30777
30783
30792
30798
30799
30800
30801
30802
30803
30804
30806
30807
30808
30810
30811
30812
30813
30814
30815
30819
30820
30821
30822
30824
30825
30826
30827
30828
30829
30830
30831
30832
30833
30834
30835
30836
30907
30942
30972
30973
30982
30983
30984
30985
30986
30987
30988
30989
30990
30991
30992
30994
30996
30997
30998
31019
31022
31023
31024
31025
31027
31029
31030
31033
31034
31035
31036
31037
31038
31039
31043
31044
31045
31046
31047
31048
31049
31050
31051
31052
31053
31054
31055
31056
31057
31058
31059
31060
31139
31176
31208
31215
31216
31217
31218
31219
31220
31221
31222
31223
31224
31225
31228
31231
31232
31233
31234
31254
31257
31259
31260
31261
31263
31265
31266
31267
31268
31272
31273
31274
31275
31276
31277
31278
31279
31284
31285
31286
31287
31288
31289
31290
31291
31292
31293
31294
31295
31296
31297
31298
31299
31437
31442
31443
31444
31445
31446
31447
31448
31449
31450
31451
31452
31457
31459
31460
31461
31486
31487
31489
31490
31491
31492
31496
31497
31498
31499
31500
31502
31507
31508
31509
31510
31511
31512
31513
31514
31515
31516
31517
31522
31523
31524
31525
31526
31527
31528
31529
31530
31531
31532
31533
31534
31535
31536
31678
31679
31680
31681
31682
31683
31684
31685
31686
31687
31688
31689
31690
31695
31697
31698
31699
31700
31722
31723
31727
31728
31729
31730
31734
31736
31737
31738
31739
31740
31741
31742
31744
31746
31750
31751
31752
31753
31754
31755
31756
31757
31758
31759
31764
31765
31766
31767
31768
31769
31770
31771
31772
31773
31774
31775
31909
31910
31911
31912
31913
31914
31915
31916
31919
31920
31921
31925
31926
31927
31928
31929
31930
31951
31952
31955
31958
31959
31964
31965
31966
31967
31968
31969
31970
31971
31974
31980
31981
31982
31983
31988
31989
31990
31991
31992
31993
31994
31995
31996
32122
32123
32124
32125
32126
32127
32128
32130
32132
32133
32134
32135
32141
32142
32144
32145
32164
32167
32174
32175
32176
32177
32178
32179
32180
32184
32190
32191
32194
32195
32196
32197
32198
32199
32200
32309
32310
32311
32312
32313
32314
32315
32316
32317
32318
32319
32320
32327
32328
32329
32331
32332
32333
32350
32352
32360
32361
32362
32363
32364
32365
32366
32373
32375
32376
32377
32378
32379
32454
32455
32456
32457
32458
32459
32460
32461
32462
32463
32464
32473
32474
32476
32477
32478
32479
32495
32503
32504
32505
32506
32510
32511
32512
32513
32572
32573
32574
32575
32576
32577
32578
32579
32580
32587
32600
32605
32606
32607
32608
32648
32649
32665
)


// ************************************************************************* //
