/*--------------------------------*- C++ -*----------------------------------*\
| =========                 |                                                 |
| \\      /  F ield         | OpenFOAM: The Open Source CFD Toolbox           |
|  \\    /   O peration     | Version:  2412                                  |
|   \\  /    A nd           | Website:  www.openfoam.com                      |
|    \\/     M anipulation  |                                                 |
\*---------------------------------------------------------------------------*/
FoamFile
{
    version     2.0;
    format      ascii;
    arch        "LSB;label=32;scalar=64";
    note        "nPoints:2256  nCells:8173  nFaces:17911  nInternalFaces:14781";
    class       labelList;
    location    "constant/polyMesh";
    object      neighbour;
}
// * * * * * * * * * * * * * * * * * * * * * * * * * * * * * * * * * * * * * //


14781
(
1
6
7
9
14
15
15
17
18
21
6
12
25
26
27
10
26
25
14
27
29
30
31
26
35
29
36
37
38
37
39
20
43
44
45
46
47
48
49
50
36
37
52
54
55
24
56
57
48
58
60
61
62
63
64
65
66
67
68
68
69
70
71
70
72
73
35
74
75
74
76
60
77
81
82
83
84
85
82
85
86
87
88
88
90
66
92
45
93
47
50
94
86
49
90
95
54
96
56
97
97
98
99
55
100
82
95
101
100
56
102
59
103
104
105
65
106
63
106
67
77
107
108
84
107
108
74
109
110
111
112
113
113
114
71
115
116
117
118
75
119
87
89
120
121
122
123
121
124
125
122
127
111
124
80
119
128
120
129
101
114
133
134
135
136
137
138
134
135
139
140
133
141
141
141
143
144
92
149
150
94
151
152
96
153
154
155
156
103
157
155
156
158
100
159
154
160
104
163
164
161
165
166
167
168
169
138
170
171
172
110
173
174
175
176
177
134
138
178
115
179
117
180
122
181
118
119
182
133
183
120
184
185
187
123
174
188
189
190
131
191
131
192
193
168
170
194
195
196
196
199
204
205
147
206
211
212
140
213
137
214
215
216
217
152
155
218
219
143
220
221
211
222
145
222
223
224
225
228
229
149
228
230
231
232
176
233
234
235
156
236
159
235
211
237
238
239
240
241
239
241
242
212
243
244
246
167
247
166
223
248
165
240
248
249
225
250
250
172
251
173
251
172
252
216
253
253
254
255
256
257
177
257
258
254
259
191
206
212
217
260
180
181
260
243
261
182
262
263
264
184
261
265
263
266
189
195
267
187
198
221
266
268
190
262
269
192
270
270
271
205
257
193
272
195
273
269
274
275
276
277
201
209
273
278
279
268
280
281
282
283
284
285
277
282
204
206
286
205
287
288
289
208
290
291
293
210
287
294
295
296
297
214
297
298
215
299
300
301
302
300
303
219
236
304
305
306
222
224
308
279
308
309
225
310
311
312
307
311
314
315
289
315
316
231
317
233
318
319
259
320
236
321
322
244
323
324
242
304
323
322
325
326
327
328
260
329
330
331
332
247
249
332
333
334
335
336
337
338
339
255
341
303
342
343
341
344
345
274
346
271
274
347
348
349
350
351
351
352
353
263
354
264
355
356
267
356
296
354
357
357
358
270
359
358
360
271
361
362
363
273
288
364
285
365
343
366
367
277
285
368
281
360
369
370
360
371
372
373
373
374
375
294
374
376
377
290
378
379
288
380
381
350
382
383
384
384
385
386
295
383
388
313
389
380
389
309
324
300
330
305
390
391
390
392
393
302
394
395
344
396
353
393
328
397
397
398
321
398
399
400
401
401
402
402
403
404
312
405
339
406
407
408
316
386
319
382
318
320
409
410
328
411
412
331
413
336
414
327
414
412
331
354
415
411
416
417
418
337
338
420
418
421
337
338
422
422
423
424
340
425
426
344
395
427
428
429
430
352
431
432
365
431
433
348
363
434
349
381
435
436
409
437
409
438
438
439
415
440
441
361
440
442
442
443
401
444
445
446
368
443
447
448
367
449
363
364
450
451
381
452
453
454
454
455
456
429
457
372
458
370
448
461
399
400
373
462
446
463
464
465
467
466
468
469
467
470
471
452
458
471
382
472
473
380
383
474
475
475
476
477
472
478
479
472
407
480
481
481
483
484
470
484
485
486
397
411
487
394
485
488
395
416
489
490
491
492
493
486
405
494
405
495
496
413
497
423
498
499
406
500
501
502
502
503
504
505
465
506
439
509
510
511
499
512
513
417
514
417
515
516
517
421
518
519
520
519
521
522
513
523
425
520
524
503
525
433
527
428
528
529
455
530
440
531
493
527
529
532
533
532
534
535
536
435
453
537
538
539
538
540
541
476
540
539
534
514
442
514
542
543
446
543
445
544
545
546
547
547
450
458
548
546
549
451
550
551
452
552
552
553
554
533
555
555
556
557
558
457
557
559
551
560
561
466
562
563
562
564
565
565
566
464
549
564
464
561
567
468
568
570
469
572
573
574
574
575
576
577
576
578
476
579
579
580
581
554
580
483
581
582
479
582
584
482
585
586
505
587
588
587
589
505
577
590
509
590
489
492
491
591
528
592
593
566
594
496
595
596
497
544
501
597
500
523
598
510
599
600
601
596
602
596
603
524
604
506
606
607
607
568
608
521
610
517
515
611
513
612
611
612
599
613
614
615
592
616
614
616
617
521
618
619
620
619
621
620
523
600
600
622
526
618
623
536
593
624
558
531
624
625
560
626
535
539
556
553
627
628
628
629
580
629
630
545
615
631
550
632
595
633
634
635
595
636
567
637
550
552
638
636
639
640
641
642
643
642
644
576
643
627
558
625
627
642
625
645
578
646
573
647
570
647
573
639
639
648
648
636
649
572
651
571
650
651
652
652
653
654
655
656
578
657
655
658
659
660
654
661
662
629
663
589
664
584
588
665
666
606
667
668
669
670
671
669
672
670
673
674
675
591
592
676
603
678
679
680
681
602
613
633
601
682
682
683
684
685
686
686
687
604
688
689
690
677
679
694
695
654
696
694
697
698
700
701
702
683
703
704
705
706
617
626
676
702
707
708
619
700
709
710
622
711
684
712
677
690
713
714
645
708
715
663
715
632
634
716
637
640
635
717
637
718
719
720
721
649
640
646
722
723
716
645
716
724
725
726
727
715
726
728
729
649
662
691
730
678
693
731
697
732
697
733
658
734
732
735
736
733
736
657
737
738
659
739
733
740
741
742
661
727
743
744
745
743
746
674
726
666
669
670
671
747
748
749
750
751
752
753
750
754
755
756
744
757
755
757
714
758
759
690
760
681
717
721
687
688
703
705
761
761
762
703
763
717
764
759
765
766
767
768
769
770
771
760
758
770
774
696
748
775
754
776
774
783
784
785
786
787
710
782
705
789
706
719
790
707
719
791
714
791
711
787
792
792
793
761
766
794
786
795
796
797
798
720
799
800
801
798
801
723
802
727
743
803
737
759
729
797
804
728
804
805
805
806
807
734
738
771
746
800
802
808
809
740
810
810
811
812
776
813
814
815
742
816
746
814
817
742
818
813
817
819
820
821
805
822
813
821
823
824
749
825
826
827
828
829
830
753
752
831
825
827
827
832
833
831
822
760
834
835
836
763
837
838
839
839
840
841
767
835
841
837
842
843
844
769
844
845
796
836
846
847
848
773
779
847
811
808
809
776
809
849
850
808
852
853
856
857
859
860
783
862
859
863
786
795
864
860
864
865
863
865
862
790
838
866
807
863
794
867
842
868
845
869
799
870
840
871
872
873
871
874
866
873
814
871
806
870
875
870
806
873
812
876
818
877
877
878
876
879
850
880
816
880
881
882
883
824
884
876
885
820
884
886
882
885
824
887
888
888
889
890
891
892
893
828
894
895
896
897
898
899
900
893
833
890
901
888
846
902
903
881
902
857
903
904
905
906
904
906
907
908
843
909
910
911
904
912
913
914
910
915
848
853
877
916
883
917
897
920
921
890
920
852
922
923
879
919
924
925
918
926
925
927
928
916
926
927
858
869
924
933
936
937
938
939
868
937
942
943
944
867
945
908
946
910
947
869
943
948
949
950
874
949
951
952
891
953
887
949
921
954
918
955
956
955
957
958
959
909
960
959
961
960
962
959
963
964
965
920
965
966
891
967
967
968
969
970
971
972
900
973
899
974
975
972
975
976
898
901
977
978
976
979
922
980
981
982
914
960
914
924
983
911
983
908
984
950
985
986
987
986
988
989
990
913
991
992
993
994
994
989
993
995
917
954
996
997
955
998
999
957
965
974
1000
1001
1002
1003
997
1003
956
1004
997
1005
1006
1007
933
1008
1007
1008
932
1006
1009
1004
1010
948
1012
1014
937
1014
942
1016
1017
1017
944
1016
1018
1018
1019
943
1021
948
945
1022
947
1021
952
1023
1024
1025
995
958
1026
952
1027
970
1026
1027
956
964
1028
1029
978
1030
986
1031
1032
1033
962
1034
1035
996
1033
966
1032
1036
1035
1037
1037
1038
1039
1040
969
1041
982
999
1040
1042
973
1043
1044
981
978
1045
1044
1046
1047
979
999
1048
1049
982
1050
1000
1051
1013
1052
1053
987
1054
987
1055
1056
1057
1023
991
1057
1058
990
1024
1059
1060
1061
1062
1053
1061
1063
1063
1064
1065
1066
1022
1067
1035
1068
1068
1001
1069
1039
1002
1070
1071
1072
1012
1066
1005
1073
1006
1074
1075
1076
1077
1020
1077
1079
1080
1011
1073
1081
1069
1082
1067
1077
1084
1015
1087
1088
1021
1089
1090
1019
1091
1092
1093
1095
1096
1024
1097
1098
1099
1096
1100
1042
1056
1098
1029
1030
1069
1073
1101
1101
1102
1032
1036
1103
1034
1058
1065
1104
1105
1106
1042
1107
1101
1108
1105
1108
1109
1110
1111
1112
1110
1112
1113
1114
1115
1114
1116
1049
1117
1118
1119
1120
1121
1050
1119
1111
1122
1123
1102
1124
1122
1083
1125
1126
1054
1127
1060
1127
1055
1128
1129
1098
1130
1103
1131
1062
1104
1099
1132
1063
1133
1134
1135
1065
1136
1137
1066
1067
1138
1139
1139
1140
1139
1142
1143
1072
1118
1126
1141
1143
1144
1144
1146
1142
1146
1147
1076
1080
1148
1149
1150
1140
1149
1151
1081
1152
1153
1149
1154
1155
1156
1143
1156
1084
1085
1115
1159
1160
1162
1088
1090
1092
1163
1090
1092
1164
1093
1095
1097
1165
1094
1166
1167
1168
1169
1170
1171
1170
1172
1100
1173
1174
1175
1176
1177
1104
1178
1179
1106
1179
1108
1142
1110
1113
1180
1175
1181
1182
1183
1184
1183
1184
1113
1185
1125
1186
1125
1159
1120
1186
1121
1187
1188
1188
1189
1190
1191
1191
1192
1193
1124
1194
1195
1187
1196
1197
1198
1199
1200
1201
1130
1202
1131
1200
1202
1185
1135
1178
1133
1203
1201
1204
1136
1137
1205
1200
1206
1207
1208
1138
1209
1207
1210
1207
1150
1170
1212
1214
1177
1189
1212
1151
1169
1175
1215
1148
1215
1216
1154
1217
1218
1210
1219
1211
1220
1213
1221
1154
1155
1222
1223
1215
1224
1213
1225
1199
1226
1160
1227
1228
1228
1168
1229
1163
1230
1231
1171
1232
1166
1231
1232
1233
1234
1169
1235
1234
1235
1236
1219
1237
1173
1238
1239
1174
1241
1237
1176
1196
1242
1189
1225
1243
1244
1208
1245
1185
1243
1246
1245
1247
1248
1194
1196
1248
1194
1249
1250
1197
1251
1252
1198
1253
1254
1192
1193
1255
1256
1251
1257
1195
1258
1251
1259
1260
1255
1261
1255
1262
1262
1263
1264
1243
1265
1204
1241
1266
1209
1267
1206
1268
1269
1244
1270
1214
1214
1268
1269
1271
1217
1271
1274
1275
1216
1242
1217
1277
1278
1220
1279
1280
1280
1281
1236
1274
1273
1282
1283
1223
1283
1284
1279
1285
1225
1242
1286
1287
1227
1290
1289
1291
1292
1230
1293
1294
1295
1294
1296
1238
1296
1297
1294
1298
1299
1280
1301
1302
1302
1303
1281
1303
1304
1295
1305
1304
1306
1260
1307
1245
1308
1268
1250
1307
1249
1308
1309
1309
1310
1250
1258
1311
1312
1313
1314
1254
1314
1315
1287
1316
1317
1318
1319
1319
1320
1309
1321
1321
1322
1310
1312
1292
1317
1315
1323
1264
1265
1270
1267
1324
1306
1325
1326
1327
1277
1326
1328
1326
1329
1330
1331
1332
1333
1334
1334
1335
1332
1336
1276
1282
1287
1316
1337
1310
1338
1285
1331
1338
1339
1340
1341
1330
1341
1342
1343
1344
1345
1286
1344
1346
1339
1347
1312
1348
1348
1315
1316
1349
1350
1323
1352
1353
1292
1353
1354
1295
1355
1356
1357
1302
1298
1358
1359
1360
1361
1300
1301
1360
1362
1336
1363
1358
1364
1330
1365
1355
1366
1365
1308
1324
1329
1367
1368
1313
1320
1322
1369
1370
1371
1348
1372
1373
1318
1374
1375
1376
1377
1378
1379
1373
1374
1329
1327
1380
1381
1381
1331
1338
1382
1383
1384
1384
1340
1385
1386
1387
1345
1388
1342
1390
1385
1342
1391
1392
1393
1394
1345
1395
1394
1396
1397
1344
1348
1398
1399
1400
1347
1369
1401
1392
1402
1403
1404
1405
1352
1406
1407
1374
1408
1405
1408
1410
1357
1411
1361
1413
1414
1415
1416
1417
1418
1416
1419
1420
1396
1417
1421
1414
1422
1422
1423
1424
1425
1378
1383
1426
1369
1392
1426
1427
1379
1427
1428
1377
1429
1430
1430
1431
1432
1403
1433
1434
1434
1435
1435
1436
1436
1437
1437
1423
1438
1382
1439
1438
1440
1439
1394
1441
1386
1421
1443
1388
1389
1444
1390
1445
1442
1446
1404
1448
1449
1402
1450
1451
1450
1400
1451
1452
1413
1453
1446
1448
1454
1431
1454
1455
1400
1455
1456
1445
1456
1457
1458
1457
1459
1406
1460
1461
1462
1464
1465
1466
1466
1467
1468
1469
1470
1411
1425
1471
1472
1420
1471
1473
1417
1474
1475
1476
1476
1477
1478
1479
1420
1479
1480
1472
1478
1480
1481
1452
1483
1484
1441
1484
1485
1486
1449
1487
1458
1487
1429
1488
1489
1489
1490
1491
1492
1433
1493
1494
1495
1496
1467
1495
1497
1490
1487
1441
1498
1440
1449
1499
1500
1502
1444
1447
1483
1503
1504
1504
1505
1502
1507
1509
1510
1511
1512
1513
1453
1500
1514
1515
1515
1516
1515
1517
1507
1518
1505
1519
1514
1520
1514
1521
1488
1522
1513
1521
1523
1461
1496
1524
1511
1525
1466
1470
1464
1465
1524
1527
1528
1529
1530
1531
1532
1533
1536
1537
1537
1536
1538
1475
1517
1539
1540
1541
1541
1542
1543
1543
1544
1545
1537
1546
1482
1547
1548
1508
1516
1544
1540
1486
1549
1536
1550
1551
1552
1553
1554
1555
1494
1556
1493
1518
1557
1519
1555
1558
1496
1559
1497
1560
1497
1561
1562
1563
1499
1523
1513
1523
1564
1510
1565
1512
1567
1506
1510
1568
1516
1569
1507
1570
1571
1572
1509
1573
1548
1574
1574
1518
1575
1576
1551
1577
1578
1579
1564
1580
1581
1520
1582
1553
1583
1522
1584
1551
1585
1586
1562
1587
1526
1575
1587
1588
1589
1535
1590
1591
1529
1533
1590
1561
1532
1592
1535
1592
1593
1594
1593
1595
1595
1597
1598
1547
1599
1545
1600
1601
1564
1601
1601
1602
1603
1546
1548
1604
1603
1604
1603
1605
1606
1607
1610
1610
1612
1585
1613
1555
1613
1614
1615
1616
1560
1615
1559
1617
1618
1617
1619
1620
1621
1622
1621
1623
1624
1625
1591
1622
1623
1625
1626
1627
1567
1629
1630
1631
1569
1632
1633
1570
1634
1582
1635
1629
1633
1581
1631
1635
1608
1627
1627
1636
1576
1637
1589
1630
1578
1583
1584
1580
1638
1634
1638
1639
1626
1640
1618
1637
1619
1641
1642
1643
1586
1644
1644
1626
1588
1645
1593
1624
1624
1646
1647
1648
1649
1648
1650
1647
1651
1651
1653
1654
1598
1612
1656
1657
1656
1659
1660
1639
1640
1661
1662
1662
1663
1664
1639
1665
1657
1664
1666
1607
1660
1667
1636
1668
1667
1669
1670
1669
1670
1671
1672
1642
1673
1616
1674
1675
1620
1673
1676
1677
1678
1679
1677
1680
1681
1682
1683
1684
1646
1685
1686
1687
1688
1690
1691
1692
1693
1693
1694
1695
1696
1697
1698
1699
1641
1700
1679
1701
1690
1696
1693
1702
1640
1643
1703
1704
1643
1680
1644
1705
1706
1685
1702
1707
1708
1709
1710
1712
1713
1713
1714
1715
1709
1716
1707
1655
1718
1719
1720
1721
1707
1722
1657
1723
1724
1659
1725
1726
1727
1728
1668
1729
1704
1730
1731
1730
1732
1733
1665
1732
1668
1734
1724
1735
1690
1736
1737
1739
1740
1672
1741
1742
1743
1723
1744
1745
1681
1746
1683
1746
1683
1747
1748
1679
1749
1685
1702
1750
1751
1752
1753
1748
1754
1753
1754
1755
1756
1686
1756
1757
1718
1758
1688
1708
1714
1758
1690
1738
1760
1698
1760
1761
1694
1699
1763
1759
1701
1764
1698
1765
1766
1766
1767
1700
1768
1769
1770
1701
1770
1703
1752
1771
1772
1773
1774
1775
1706
1745
1775
1776
1772
1757
1777
1718
1778
1711
1712
1779
1780
1781
1782
1783
1783
1784
1782
1785
1778
1779
1786
1720
1787
1721
1722
1788
1786
1789
1790
1791
1727
1792
1793
1742
1794
1728
1794
1742
1795
1729
1796
1736
1797
1798
1773
1798
1799
1735
1800
1798
1801
1737
1774
1800
1802
1738
1767
1797
1803
1743
1804
1805
1741
1805
1806
1807
1807
1806
1808
1755
1748
1809
1810
1811
1812
1751
1809
1813
1751
1787
1814
1771
1815
1816
1776
1815
1817
1776
1818
1758
1819
1764
1772
1766
1803
1822
1823
1825
1820
1824
1820
1826
1769
1827
1828
1829
1768
1829
1774
1830
1816
1830
1823
1831
1814
1831
1826
1832
1833
1833
1834
1835
1778
1784
1819
1836
1837
1838
1837
1839
1782
1840
1841
1838
1842
1838
1843
1841
1844
1837
1845
1788
1847
1848
1849
1845
1850
1851
1849
1851
1852
1821
1826
1848
1793
1808
1853
1854
1855
1853
1856
1857
1857
1858
1859
1858
1860
1832
1834
1801
1861
1833
1862
1854
1861
1860
1863
1866
1867
1868
1867
1856
1869
1870
1871
1872
1812
1873
1874
1818
1873
1875
1876
1816
1827
1877
1826
1848
1878
1879
1880
1876
1881
1882
1882
1883
1821
1824
1863
1884
1825
1885
1825
1886
1831
1887
1829
1830
1888
1860
1889
1885
1879
1890
1891
1835
1879
1845
1847
1892
1893
1894
1840
1895
1896
1897
1898
1899
1894
1898
1883
1900
1901
1902
1850
1903
1872
1905
1886
1905
1906
1907
1908
1905
1907
1909
1910
1870
1911
1911
1912
1913
1914
1915
1916
1917
1918
1919
1913
1917
1920
1921
1918
1922
1922
1923
1924
1925
1927
1928
1927
1929
1914
1930
1929
1931
1912
1915
1928
1914
1932
1874
1933
1934
1892
1935
1936
1937
1938
1882
1892
1939
1937
1887
1933
1940
1880
1881
1941
1941
1940
1942
1943
1944
1945
1945
1947
1948
1949
1886
1947
1906
1950
1951
1921
1951
1952
1942
1952
1953
1891
1954
1923
1953
1955
1896
1956
1957
1900
1956
1958
1897
1958
1899
1959
1960
1960
1961
1962
1961
1963
1908
1955
1957
1964
1910
1965
1909
1966
1910
1967
1964
1968
1969
1970
1916
1971
1972
1973
1972
1974
1975
1976
1977
1918
1978
1977
1979
1980
1920
1921
1981
1982
1983
1924
1980
1984
1925
1949
1982
1985
1974
1986
1987
1988
1986
1931
1975
1989
1971
1990
1991
1992
1935
1991
1993
1965
1994
1995
1996
1943
1997
1996
1997
1998
1995
1999
2000
1992
2001
1954
2002
2003
2004
1992
2005
2002
2006
1999
1948
2007
1950
1966
2008
2009
2009
2010
2010
2011
2010
2012
1981
2013
1984
2004
2004
2014
2000
2015
1960
2016
2017
2018
2017
2019
2019
2020
2021
2020
2022
2016
2023
2020
2024
2017
2025
2028
2029
1969
2029
1970
2028
2030
2025
2030
2031
2008
2032
2027
2032
2033
1977
2034
1987
2035
1982
2036
1976
1990
1989
2037
2038
2033
2039
2040
1983
2038
2041
2040
2042
2042
2043
2044
2043
2045
2042
2046
2047
2048
2049
1988
2052
2053
1989
2054
2056
2057
2011
2058
2059
1994
2058
2060
2061
2062
2063
2064
2065
2060
2064
2066
2023
2067
2068
2003
2059
2069
2014
2070
2071
2070
2006
2059
2072
2073
2074
2008
2075
2049
2076
2077
2029
2078
2013
2069
2079
2071
2080
2074
2031
2061
2067
2018
2081
2082
2068
2083
2084
2085
2022
2081
2086
2068
2087
2026
2088
2089
2090
2091
2092
2062
2093
2093
2091
2094
2095
2096
2075
2093
2097
2035
2098
2099
2050
2053
2044
2051
2099
2057
2100
2101
2098
2101
2041
2097
2102
2103
2104
2105
2103
2080
2105
2045
2047
2106
2107
2108
2109
2110
2111
2112
2113
2113
2114
2115
2116
2115
2117
2119
2120
2121
2122
2056
2120
2121
2118
2100
2123
2124
2125
2126
2127
2128
2096
2128
2094
2125
2067
2129
2130
2130
2072
2131
2131
2132
2133
2134
2071
2126
2074
2135
2136
2073
2137
2138
2139
2092
2140
2077
2114
2140
2079
2141
2093
2125
2141
2142
2143
2144
2145
2083
2084
2088
2146
2146
2147
2085
2148
2086
2149
2146
2150
2151
2152
2153
2154
2091
2155
2154
2156
2157
2158
2096
2159
2153
2160
2161
2162
2123
2106
2163
2106
2115
2164
2104
2163
2103
2105
2165
2108
2123
2166
2167
2168
2111
2145
2169
2165
2135
2170
2112
2117
2171
2172
2173
2174
2175
2173
2176
2177
2122
2178
2179
2119
2181
2182
2183
2164
2184
2185
2142
2187
2188
2188
2142
2189
2132
2187
2190
2130
2191
2192
2193
2192
2194
2194
2195
2134
2161
2196
2147
2136
2139
2197
2198
2189
2194
2199
2139
2200
2141
2201
2188
2202
2145
2173
2203
2167
2198
2204
2205
2206
2206
2207
2208
2150
2152
2208
2209
2210
2211
2210
2212
2213
2207
2214
2215
2216
2215
2217
2158
2159
2216
2201
2218
2219
2220
2221
2222
2223
2213
2224
2191
2219
2221
2164
2225
2226
2227
2228
2229
2227
2228
2169
2230
2231
2232
2233
2198
2227
2172
2234
2235
2233
2236
2236
2175
2235
2237
2201
2237
2238
2178
2179
2230
2239
2234
2181
2185
2240
2182
2241
2183
2242
2184
2243
2185
2244
2245
2248
2249
2250
2202
2251
2220
2202
2252
2191
2251
2253
2254
2255
2196
2256
2257
2253
2258
2224
2200
2252
2259
2259
2200
2252
2257
2220
2203
2260
2261
2205
2262
2263
2232
2261
2209
2213
2265
2264
2266
2267
2264
2268
2269
2214
2270
2271
2272
2265
2273
2274
2275
2276
2273
2277
2278
2237
2276
2280
2281
2281
2282
2283
2284
2285
2286
2270
2287
2288
2284
2289
2229
2231
2290
2244
2290
2262
2291
2292
2293
2294
2294
2295
2295
2296
2293
2297
2293
2298
2299
2238
2300
2299
2299
2301
2245
2248
2302
2241
2303
2247
2304
2304
2305
2305
2306
2306
2307
2303
2308
2309
2309
2311
2303
2312
2312
2313
2281
2315
2316
2254
2317
2255
2282
2318
2284
2318
2319
2319
2320
2263
2300
2315
2321
2316
2321
2292
2322
2316
2323
2324
2266
2279
2324
2326
2272
2326
2327
2328
2328
2329
2330
2331
2272
2326
2332
2289
2331
2333
2275
2334
2335
2280
2336
2336
2331
2334
2337
2338
2325
2333
2283
2340
2341
2286
2342
2287
2343
2344
2288
2345
2346
2318
2347
2334
2348
2349
2350
2351
2291
2353
2354
2295
2355
2356
2302
2357
2358
2297
2321
2359
2300
2360
2314
2356
2361
2301
2341
2363
2364
2365
2366
2367
2368
2368
2369
2308
2353
2369
2365
2366
2367
2370
2372
2364
2372
2373
2374
2373
2375
2376
2341
2377
2378
2320
2342
2377
2379
2380
2381
2382
2383
2384
2378
2383
2325
2327
2385
2386
2386
2387
2388
2389
2390
2332
2350
2391
2392
2393
2394
2395
2396
2339
2397
2339
2361
2338
2398
2399
2401
2402
2341
2343
2363
2403
2404
2403
2405
2345
2351
2406
2407
2347
2408
2409
2404
2396
2410
2411
2411
2412
2413
2406
2413
2394
2385
2390
2414
2365
2415
2355
2415
2416
2384
2417
2418
2419
2364
2418
2420
2359
2417
2420
2360
2421
2419
2422
2363
2423
2423
2424
2422
2425
2426
2427
2428
2429
2428
2430
2428
2431
2432
2434
2418
2436
2436
2437
2427
2433
2438
2437
2438
2439
2424
2440
2382
2403
2379
2443
2380
2443
2444
2404
2445
2443
2446
2447
2448
2449
2387
2450
2393
2388
2451
2390
2452
2453
2454
2392
2455
2456
2395
2398
2451
2457
2406
2458
2400
2450
2397
2399
2459
2460
2401
2461
2459
2462
2401
2463
2423
2464
2465
2466
2410
2467
2468
2469
2409
2470
2412
2471
2472
2472
2473
2474
2474
2475
2476
2477
2456
2478
2479
2480
2482
2483
2449
2483
2484
2485
2486
2440
2486
2486
2487
2446
2485
2488
2468
2489
2490
2490
2426
2487
2491
2482
2492
2493
2494
2495
2432
2496
2497
2495
2497
2498
2499
2433
2434
2435
2500
2501
2502
2503
2505
2491
2506
2503
2507
2504
2508
2489
2509
2442
2509
2510
2505
2511
2512
2513
2514
2513
2515
2512
2516
2448
2512
2517
2485
2518
2519
2455
2479
2455
2520
2521
2522
2454
2523
2480
2524
2525
2526
2527
2458
2520
2528
2529
2464
2473
2529
2462
2526
2530
2475
2531
2530
2532
2466
2467
2516
2471
2515
2533
2534
2533
2535
2470
2478
2528
2536
2476
2537
2538
2539
2540
2534
2541
2526
2541
2534
2542
2538
2543
2544
2543
2545
2546
2547
2546
2548
2484
2550
2498
2551
2487
2552
2553
2554
2555
2516
2533
2556
2490
2535
2532
2555
2558
2494
2550
2558
2495
2497
2559
2507
2559
2499
2501
2560
2560
2561
2562
2502
2563
2565
2565
2566
2504
2567
2568
2506
2554
2569
2570
2558
2571
2570
2572
2573
2554
2574
2511
2576
2577
2514
2578
2517
2579
2537
2578
2579
2580
2519
2580
2581
2582
2521
2583
2584
2524
2585
2524
2586
2587
2527
2546
2588
2589
2589
2590
2591
2592
2549
2593
2549
2592
2594
2539
2557
2595
2596
2539
2597
2538
2543
2598
2599
2600
2601
2602
2601
2603
2596
2604
2605
2606
2604
2607
2608
2590
2606
2609
2610
2587
2611
2613
2614
2551
2615
2561
2616
2615
2617
2618
2556
2581
2618
2569
2569
2617
2619
2620
2621
2622
2562
2623
2624
2562
2625
2626
2627
2627
2628
2629
2567
2634
2635
2571
2636
2572
2636
2637
2577
2638
2639
2640
2641
2642
2577
2641
2576
2597
2643
2621
2644
2644
2645
2645
2579
2646
2620
2648
2648
2649
2616
2649
2650
2584
2591
2651
2652
2587
2653
2654
2655
2655
2610
2651
2656
2593
2657
2656
2658
2609
2600
2613
2659
2600
2601
2660
2619
2661
2662
2603
2663
2599
2661
2664
2665
2602
2666
2667
2668
2669
2670
2668
2671
2672
2673
2665
2672
2674
2608
2675
2676
2677
2678
2679
2680
2681
2611
2612
2647
2653
2647
2683
2684
2659
2660
2622
2686
2686
2687
2622
2688
2689
2690
2689
2691
2648
2692
2666
2639
2626
2640
2693
2629
2693
2687
2694
2694
2633
2695
2695
2696
2634
2696
2698
2699
2635
2700
2701
2702
2703
2704
2705
2702
2706
2702
2707
2638
2643
2688
2708
2709
2710
2711
2704
2712
2713
2707
2709
2714
2661
2708
2666
2715
2708
2716
2664
2692
2718
2719
2690
2720
2687
2721
2652
2680
2653
2722
2723
2723
2724
2725
2680
2726
2658
2671
2727
2679
2728
2684
2729
2730
2731
2732
2663
2732
2733
2674
2734
2735
2736
2737
2669
2669
2738
2734
2739
2740
2732
2734
2741
2673
2742
2677
2743
2679
2744
2745
2746
2681
2747
2678
2748
2737
2749
2747
2750
2751
2752
2753
2754
2755
2726
2754
2756
2757
2725
2758
2759
2690
2760
2761
2689
2710
2762
2763
2733
2764
2765
2719
2764
2704
2766
2767
2768
2698
2769
2770
2700
2771
2772
2773
2703
2774
2772
2775
2776
2767
2769
2777
2706
2777
2778
2774
2779
2780
2781
2782
2781
2783
2781
2784
2712
2760
2784
2766
2785
2716
2786
2783
2786
2787
2716
2788
2789
2718
2790
2791
2792
2793
2794
2721
2763
2795
2761
2796
2723
2797
2792
2725
2798
2728
2799
2729
2742
2800
2800
2801
2730
2802
2739
2803
2738
2804
2805
2745
2806
2807
2736
2764
2808
2745
2809
2810
2811
2742
2812
2741
2788
2811
2805
2813
2814
2744
2815
2816
2817
2818
2819
2816
2820
2821
2822
2749
2823
2815
2824
2751
2823
2825
2817
2826
2753
2797
2827
2828
2829
2830
2757
2829
2793
2830
2831
2802
2832
2832
2833
2761
2763
2766
2763
2765
2784
2794
2795
2834
2835
2768
2836
2778
2837
2839
2839
2842
2845
2846
2847
2848
2847
2849
2850
2778
2846
2776
2848
2851
2780
2852
2785
2853
2854
2852
2855
2856
2851
2857
2858
2783
2789
2805
2859
2858
2860
2861
2789
2838
2838
2851
2862
2789
2863
2793
2864
2833
2865
2798
2866
2867
2795
2868
2869
2869
2870
2866
2833
2871
2827
2872
2873
2874
2875
2826
2872
2876
2874
2877
2804
2812
2878
2879
2880
2859
2834
2859
2881
2812
2813
2820
2809
2882
2883
2884
2824
2883
2863
2880
2885
2880
2886
2818
2885
2887
2888
2889
2890
2891
2889
2892
2890
2893
2881
2884
2894
2895
2896
2891
2894
2897
2825
2828
2889
2898
2899
2900
2901
2902
2903
2904
2905
2905
2874
2906
2907
2867
2873
2908
2909
2910
2858
2911
2860
2870
2912
2913
2854
2913
2916
2912
2841
2918
2919
2920
2921
2845
2912
2922
2923
2924
2923
2925
2926
2927
2855
2928
2855
2929
2850
2930
2918
2931
2932
2852
2931
2933
2934
2935
2936
2928
2936
2937
2861
2934
2938
2934
2939
2940
2940
2941
2935
2942
2940
2942
2933
2941
2943
2917
2865
2944
2945
2904
2946
2944
2947
2869
2882
2948
2949
2910
2946
2903
2950
2947
2950
2951
2887
2952
2953
2902
2953
2954
2878
2955
2879
2956
2957
2958
2911
2959
2960
2961
2960
2962
2896
2963
2895
2941
2964
2963
2965
2899
2966
2967
2967
2896
2968
2966
2969
2893
2902
2970
2965
2971
2962
2972
2897
2973
2974
2972
2975
2901
2976
2977
2978
2903
2905
2979
2980
2981
2982
2947
2983
2984
2907
2951
2908
2985
2986
2987
2988
2987
2989
2948
2990
2927
2991
2992
2992
2993
2917
2943
2958
2996
2997
2995
2996
2925
2997
2998
2998
2999
2924
3000
3001
3002
3001
3003
3004
3000
3006
3007
2928
3007
3008
2932
3006
3009
2931
2991
3010
3011
2997
3012
2939
3010
3011
3013
3008
2938
3009
3014
3015
3016
3017
3018
2990
2959
3016
3019
2964
2993
3021
3022
2989
3020
3022
2983
3023
2949
2960
3019
3024
3025
3026
2952
3027
3028
3029
2965
3030
3025
3030
3031
2956
3027
3032
3033
2958
3034
2964
2972
3018
3035
2962
2977
3036
3037
3033
3038
3039
3040
2977
3041
2970
3042
2969
2971
2974
2975
3041
3043
3044
3040
3043
3045
2974
2975
3046
3038
3047
2980
3042
3048
3049
3050
3051
2980
2982
3052
3053
2982
3044
3054
3055
3056
3057
3056
3058
3025
3028
3059
3059
3060
3062
3061
3063
3057
3062
3018
3019
2996
3064
2994
3065
3039
3065
3067
2999
3068
3069
3070
3071
3072
3074
3075
3075
3076
3005
3077
3071
3078
3079
3006
3075
3080
3082
3083
3084
3085
3086
3012
3087
3017
3064
3015
3017
3015
3088
3086
3089
3086
3089
3090
3091
3089
3092
3091
3093
3092
3063
3094
3095
3096
3023
3095
3057
3097
3035
3098
3099
3055
3097
3100
3029
3030
3101
3033
3102
3103
3054
3104
3105
3106
3107
3107
3039
3106
3108
3037
3049
3108
3109
3040
3110
3046
3111
3043
3112
3044
3113
3114
3115
3109
3116
3117
3118
3119
3116
3120
3121
3113
3122
3051
3123
3113
3124
3125
3055
3058
3126
3126
3127
3115
3128
3129
3130
3130
3131
3132
3133
3134
3096
3135
3136
3063
3137
3138
3065
3069
3139
3067
3141
3142
3068
3139
3143
3144
3143
3145
3088
3145
3146
3073
3147
3146
3147
3148
3078
3149
3144
3148
3150
3152
3077
3153
3154
3155
3080
3156
3157
3152
3158
3082
3155
3154
3084
3087
3159
3085
3160
3160
3090
3161
3162
3163
3164
3160
3165
3093
3162
3093
3098
3117
3166
3167
3166
3168
3169
3132
3170
3164
3171
3100
3104
3172
3129
3173
3102
3103
3133
3175
3176
3105
3111
3128
3177
3178
3179
3119
3110
3176
3181
3181
3182
3119
3183
3183
3184
3114
3120
3185
3186
3184
3187
3186
3187
3188
3189
3171
3190
3121
3139
3141
3141
3191
3192
3191
3193
3127
3194
3125
3182
3185
3195
3196
3197
3196
3198
3131
3199
3200
3129
3201
3202
3132
3203
3204
3205
3206
3207
3135
3172
3208
3169
3209
3138
3210
3203
3211
3211
3212
3143
3142
3213
3214
3216
3144
3217
3193
3218
3162
3219
3220
3221
3222
3223
3224
3225
3227
3228
3151
3213
3229
3230
3153
3231
3232
3233
3234
3235
3158
3236
3237
3231
3234
3238
3159
3240
3163
3165
3240
3190
3220
3241
3242
3243
3244
3246
3212
3247
3248
3169
3170
3249
3250
3173
3251
3181
3252
3173
3177
3253
3175
3180
3206
3254
3183
3254
3255
3256
3207
3256
3257
3184
3187
3258
3254
3259
3188
3260
3216
3261
3192
3262
3197
3263
3264
3192
3265
3190
3219
3265
3241
3261
3266
3267
3219
3268
3263
3269
3270
3271
3272
3262
3273
3264
3274
3273
3275
3200
3202
3276
3270
3277
3202
3278
3279
3280
3205
3281
3282
3282
3283
3284
3208
3284
3209
3256
3285
3286
3287
3288
3287
3288
3290
3217
3292
3293
3291
3292
3261
3294
3294
3295
3225
3268
3295
3296
3297
3298
3225
3296
3299
3224
3227
3300
3237
3298
3301
3229
3302
3302
3230
3303
3304
3305
3235
3306
3307
3308
3309
3232
3234
3310
3310
3311
3312
3313
3238
3314
3314
3315
3316
3311
3315
3317
3318
3319
3243
3252
3319
3320
3317
3320
3246
3321
3322
3247
3249
3323
3324
3287
3325
3251
3326
3326
3327
3253
3328
3259
3319
3329
3330
3331
3279
3329
3332
3333
3258
3334
3335
3336
3337
3260
3275
3338
3337
3264
3339
3278
3340
3336
3318
3341
3267
3268
3342
3339
3341
3296
3343
3344
3278
3345
3346
3347
3273
3348
3349
3340
3347
3350
3351
3280
3281
3352
3345
3352
3353
3353
3354
3330
3354
3355
3356
3355
3328
3355
3357
3331
3358
3327
3333
3359
3360
3357
3362
3290
3364
3365
3293
3308
3331
3358
3335
3366
3367
3368
3335
3337
3342
3369
3341
3299
3318
3370
3315
3371
3341
3372
3301
3373
3374
3375
3376
3377
3378
3305
3309
3306
3373
3379
3307
3380
3381
3382
3309
3383
3383
3384
3385
3386
3316
3387
3388
3381
3387
3389
3390
3391
3392
3393
3395
3338
3338
3396
3326
3323
3325
3397
3328
3357
3398
3399
3400
3400
3330
3401
3402
3401
3335
3333
3402
3403
3404
3366
3404
3405
3406
3407
3342
3408
3407
3409
3344
3410
3407
3411
3412
3347
3413
3411
3414
3415
3416
3417
3416
3417
3418
3409
3418
3419
3406
3420
3421
3408
3419
3356
3422
3410
3423
3401
3424
3425
3426
3427
3360
3361
3429
3430
3431
3432
3427
3430
3365
3366
3433
3383
3434
3368
3435
3368
3369
3384
3436
3436
3377
3437
3371
3372
3438
3375
3439
3378
3409
3440
3441
3375
3378
3442
3443
3390
3444
3445
3384
3446
3446
3380
3447
3448
3449
3450
3441
3451
3447
3452
3449
3453
3388
3455
3455
3456
3457
3458
3458
3454
3459
3460
3393
3461
3392
3461
3395
3462
3457
3456
3463
3464
3408
3464
3398
3399
3467
3468
3469
3428
3429
3402
3470
3471
3472
3404
3473
3474
3433
3406
3420
3436
3437
3437
3438
3475
3474
3476
3477
3413
3478
3479
3476
3480
3422
3423
3477
3481
3482
3421
3480
3482
3483
3483
3484
3438
3484
3474
3485
3486
3487
3424
3488
3424
3489
3490
3427
3491
3491
3492
3469
3431
3493
3431
3494
3494
3495
3496
3498
3499
3500
3498
3499
3501
3502
3475
3439
3462
3503
3442
3448
3504
3444
3505
3506
3507
3445
3503
3508
3457
3509
3510
3511
3475
3512
3450
3513
3514
3515
3500
3516
3517
3452
3459
3518
3519
3520
3512
3516
3521
3463
3522
3523
3524
3460
3525
3526
3527
3522
3528
3511
3464
3529
3523
3530
3470
3531
3467
3531
3532
3533
3471
3533
3534
3494
3534
3472
3490
3535
3536
3537
3498
3536
3538
3539
3486
3489
3540
3478
3541
3489
3542
3543
3544
3544
3545
3544
3546
3547
3486
3548
3549
3502
3539
3550
3551
3545
3550
3551
3490
3492
3552
3553
3554
3555
3555
3556
3532
3558
3559
3496
3560
3561
3497
3563
3564
3557
3566
3567
3517
3568
3502
3538
3569
3521
3529
3549
3505
3514
3570
3518
3571
3508
3570
3572
3512
3515
3572
3573
3574
3510
3571
3575
3573
3529
3551
3519
3576
3577
3576
3578
3516
3579
3568
3577
3580
3581
3580
3582
3582
3583
3550
3569
3523
3584
3585
3575
3586
3528
3586
3587
3583
3588
3581
3589
3590
3590
3591
3592
3537
3593
3535
3594
3555
3595
3537
3596
3557
3597
3598
3539
3599
3540
3600
3601
3552
3602
3543
3602
3603
3604
3605
3601
3606
3605
3607
3608
3548
3608
3609
3610
3609
3601
3611
3556
3612
3554
3613
3614
3596
3615
3616
3617
3618
3560
3562
3593
3561
3595
3563
3619
3619
3563
3620
3621
3622
3623
3618
3624
3568
3569
3626
3627
3628
3629
3630
3630
3631
3611
3632
3630
3633
3609
3610
3633
3634
3580
3635
3625
3636
3579
3629
3635
3632
3637
3638
3639
3640
3641
3642
3643
3591
3644
3592
3644
3645
3646
3647
3646
3648
3589
3649
3650
3651
3652
3653
3654
3648
3655
3656
3657
3659
3660
3659
3661
3662
3616
3661
3662
3663
3598
3599
3664
3663
3665
3600
3666
3613
3667
3668
3669
3614
3669
3670
3670
3671
3672
3671
3673
3673
3674
3675
3676
3677
3677
3678
3611
3678
3674
3615
3617
3679
3663
3680
3680
3681
3662
3681
3682
3682
3683
3684
3685
3686
3687
3688
3688
3689
3690
3689
3691
3624
3694
3695
3626
3696
3641
3694
3627
3628
3636
3637
3666
3697
3632
3698
3699
3634
3640
3700
3701
3702
3647
3703
3704
3705
3694
3704
3704
3706
3639
3705
3707
3708
3709
3654
3709
3710
3707
3711
3712
3650
3712
3713
3714
3715
3715
3716
3717
3654
3718
3719
3657
3651
3720
3708
3721
3653
3721
3722
3655
3723
3724
3714
3719
3716
3725
3722
3726
3665
3692
3727
3686
3728
3687
3729
3682
3686
3730
3731
3665
3684
3732
3733
3732
3734
3668
3734
3735
3675
3697
3679
3736
3737
3738
3739
3740
3740
3741
3739
3742
3701
3742
3743
3744
3740
3745
3746
3742
3747
3681
3748
3738
3749
3750
3751
3751
3752
3692
3696
3690
3753
3753
3755
3756
3757
3758
3759
3758
3760
3759
3761
3695
3762
3763
3696
3764
3732
3706
3734
3765
3766
3767
3700
3767
3768
3769
3770
3743
3766
3747
3768
3769
3771
3772
3765
3773
3743
3774
3773
3775
3775
3776
3770
3777
3711
3778
3779
3780
3775
3781
3720
3782
3722
3783
3784
3785
3718
3786
3771
3787
3786
3788
3789
3790
3791
3792
3724
3791
3793
3777
3787
3726
3794
3795
3796
3797
3729
3730
3798
3754
3799
3731
3750
3733
3749
3800
3797
3801
3802
3738
3744
3803
3748
3804
3741
3805
3806
3805
3744
3807
3808
3809
3810
3811
3812
3813
3814
3815
3747
3814
3816
3752
3817
3750
3818
3819
3820
3821
3820
3822
3797
3823
3756
3799
3824
3825
3826
3759
3827
3828
3829
3822
3825
3830
3831
3832
3833
3778
3834
3835
3800
3833
3835
3836
3837
3811
3838
3836
3839
3839
3840
3840
3841
3836
3842
3843
3774
3834
3844
3837
3844
3812
3845
3846
3777
3791
3847
3848
3780
3849
3781
3850
3851
3852
3782
3853
3854
3784
3855
3856
3857
3857
3858
3793
3859
3793
3843
3856
3859
3790
3861
3862
3863
3864
3865
3795
3855
3863
3866
3795
3858
3867
3868
3869
3869
3819
3822
3870
3823
3870
3801
3802
3871
3872
3873
3874
3805
3873
3875
3806
3876
3818
3809
3877
3811
3878
3879
3810
3815
3879
3880
3875
3881
3816
3813
3838
3878
3882
3883
3884
3885
3839
3883
3819
3821
3886
3872
3887
3888
3889
3889
3890
3889
3891
3892
3826
3891
3870
3893
3827
3894
3895
3830
3896
3831
3895
3897
3898
3899
3900
3901
3901
3902
3845
3851
3874
3902
3904
3905
3906
3878
3905
3907
3908
3842
3909
3910
3848
3904
3910
3911
3851
3905
3874
3912
3847
3906
3913
3848
3914
3910
3902
3903
3915
3916
3917
3918
3919
3918
3919
3920
3854
3913
3917
3862
3921
3922
3923
3924
3922
3922
3925
3866
3861
3926
3927
3928
3929
3930
3931
3865
3928
3932
3914
3933
3933
3934
3925
3935
3930
3936
3871
3937
3938
3901
3939
3873
3940
3941
3942
3882
3943
3877
3886
3944
3887
3945
3946
3884
3946
3881
3947
3885
3948
3946
3949
3884
3950
3951
3952
3888
3953
3888
3954
3955
3956
3956
3957
3958
3937
3958
3959
3894
3899
3960
3961
3962
3961
3897
3963
3900
3964
3956
3965
3963
3966
3967
3968
3969
3970
3906
3971
3972
3973
3908
3950
3971
3909
3971
3974
3975
3975
3976
3942
3949
3977
3978
3979
3978
3980
3920
3969
3981
3982
3983
3984
3985
3986
3977
3987
3985
3988
3929
3989
3990
3924
3931
3991
3992
3993
3930
3994
3994
3995
3978
3996
3995
3997
3998
3932
3999
3992
4000
3992
4001
3976
4001
3936
3993
4002
3998
4003
3955
3959
4004
3940
4003
4005
3954
4006
3942
3943
4006
4007
3949
4008
3953
4009
3947
4010
4011
4012
3948
4013
4008
4014
4015
4016
3952
4016
4017
4014
4018
3957
4019
3955
4010
4020
4021
4022
4003
4023
3962
4004
4025
3964
4024
4026
4027
3964
4028
4029
3966
4021
4030
4031
4032
3969
4005
4033
4007
3981
4034
3973
3987
4012
3979
4035
3975
4036
3980
4037
3988
4038
4039
3984
4040
4037
4041
4033
4042
4043
3989
4044
4045
3986
4046
4043
4047
3987
4048
4038
4007
4049
4050
4051
3991
4052
3999
4053
4052
4054
4055
4056
4057
4058
4059
4050
4056
4060
4061
4062
4062
4063
4057
4064
4065
4037
4053
4067
4069
4071
4072
4073
4074
4074
4075
4074
4075
4076
4011
4077
4075
4078
4013
4079
4015
4017
4080
4081
4082
4038
4076
4034
4083
4035
4081
4083
4084
4020
4077
4085
4071
4078
4085
4023
4027
4072
4087
4026
4088
4030
4071
4089
4090
4091
4072
4090
4031
4092
4032
4088
4093
4085
4094
4095
4096
4097
4035
4098
4099
4041
4098
4100
4101
4102
4040
4041
4059
4099
4103
4104
4043
4105
4106
4051
4046
4107
4108
4109
4110
4048
4049
4111
4102
4110
4102
4112
4113
4114
4062
4115
4065
4115
4116
4061
4117
4117
4118
4119
4120
4060
4121
4122
4123
4124
4125
4126
4068
4127
4128
4064
4128
4129
4130
4131
4132
4067
4116
4133
4134
4070
4073
4087
4135
4136
4097
4137
4138
4139
4081
4140
4079
4141
4079
4142
4143
4082
4144
4145
4084
4146
4147
4148
4149
4087
4150
4151
4091
4152
4153
4154
4151
4155
4093
4156
4096
4157
4095
4152
4158
4159
4160
4105
4099
4161
4162
4161
4163
4104
4132
4140
4109
4162
4164
4123
4163
4165
4111
4165
4166
4168
4169
4170
4170
4171
4172
4171
4173
4169
4173
4174
4175
4138
4174
4176
4125
4172
4177
4118
4178
4179
4180
4181
4182
4183
4184
4121
4131
4185
4123
4132
4186
4187
4188
4124
4189
4190
4191
4164
4192
4190
4193
4183
4188
4194
4128
4195
4196
4197
4130
4198
4199
4200
4201
4134
4181
4203
4196
4204
4136
4142
4205
4150
4206
4138
4150
4207
4139
4142
4176
4176
4208
4149
4209
4210
4144
4209
4210
4211
4212
4146
4162
4208
4148
4211
4161
4213
4213
4214
4158
4215
4157
4216
4159
4217
4205
4217
4218
4206
4219
4218
4219
4220
4157
4159
4221
4222
4223
4224
4225
4226
4226
4191
4227
4228
4207
4229
4230
4231
4168
4231
4232
4175
4233
4233
4234
4228
4235
4236
4237
4208
4235
4207
4238
4231
4238
4239
4179
4240
4241
4242
4242
4243
4197
4244
4244
4245
4184
4246
4195
4246
4243
4186
4247
4248
4249
4189
4248
4250
4201
4250
4251
4252
4237
4251
4192
4253
4227
4254
4194
4241
4255
4256
4257
4201
4258
4259
4260
4198
4259
4261
4200
4262
4247
4263
4264
4203
4265
4266
4267
4268
4269
4270
4215
4271
4272
4273
4274
4275
4239
4269
4273
4276
4274
4277
4226
4278
4278
4279
4280
4220
4281
4282
4283
4270
4284
4271
4285
4224
4286
4225
4281
4287
4275
4282
4288
4289
4227
4290
4237
4291
4230
4272
4292
4292
4234
4293
4294
4235
4295
4236
4296
4297
4240
4298
4299
4300
4301
4273
4301
4302
4303
4304
4305
4304
4259
4306
4265
4306
4256
4308
4309
4310
4311
4253
4310
4257
4312
4255
4299
4254
4310
4313
4254
4314
4257
4315
4304
4316
4317
4260
4308
4318
4319
4267
4320
4262
4321
4322
4264
4322
4323
4318
4324
4325
4268
4325
4307
4326
4326
4327
4328
4271
4329
4330
4280
4300
4297
4331
4327
4331
4277
4279
4332
4333
4290
4334
4330
4335
4327
4336
4288
4336
4337
4338
4339
4340
4335
4338
4287
4341
4289
4342
4343
4344
4314
4345
4345
4346
4347
4300
4348
4303
4349
4348
4349
4350
4297
4301
4351
4350
4351
4352
4353
4352
4354
4355
4347
4354
4356
4328
4355
4357
4358
4357
4359
4315
4358
4360
4361
4308
4362
4363
4311
4323
4364
4365
4312
4366
4324
4367
4347
4368
4369
4369
4370
4371
4363
4372
4373
4367
4371
4373
4320
4374
4320
4321
4375
4376
4322
4377
4378
4324
4379
4380
4381
4382
4384
4385
4386
4387
4388
4340
4388
4389
4389
4390
4353
4391
4392
4390
4392
4345
4391
4393
4394
4395
4395
4396
4397
4398
4397
4398
4399
4400
4401
4342
4343
4402
4403
4404
4396
4405
4406
4369
4353
4391
4407
4408
4356
4409
4410
4411
4387
4412
4413
4414
4412
4370
4408
4415
4416
4388
4389
4417
4415
4418
4360
4372
4419
4420
4375
4381
4384
4421
4421
4422
4366
4423
4368
4424
4424
4425
4426
4427
4428
4429
4430
4415
4431
4420
4431
4432
4433
4433
4434
4380
4422
4435
4376
4377
4385
4436
4437
4379
4438
4423
4439
4426
4440
4385
4441
4441
4442
4442
4443
4444
4445
4447
4448
4449
4411
4449
4411
4446
4448
4450
4448
4451
4430
4452
4404
4453
4447
4454
4455
4456
4456
4457
4453
4458
4457
4459
4460
4446
4461
4459
4461
4462
4405
4463
4406
4463
4464
4464
4465
4466
4467
4408
4414
4468
4469
4410
4470
4462
4471
4462
4414
4449
4416
4471
4472
4473
4474
4475
4476
4470
4475
4419
4477
4478
4433
4479
4432
4480
4434
4480
4481
4482
4427
4482
4483
4434
4484
4485
4486
4430
4487
4469
4482
4488
4485
4489
4490
4491
4492
4436
4493
4494
4445
4495
4438
4495
4496
4440
4481
4496
4484
4497
4498
4499
4499
4500
4501
4502
4498
4501
4503
4504
4505
4506
4451
4452
4507
4508
4509
4465
4504
4510
4466
4510
4511
4465
4512
4513
4514
4460
4515
4516
4515
4517
4518
4519
4520
4521
4522
4523
4521
4524
4473
4507
4525
4485
4526
4527
4527
4528
4473
4529
4530
4531
4476
4532
4533
4527
4534
4530
4535
4478
4533
4536
4491
4536
4537
4502
4538
4483
4540
4541
4486
4542
4486
4543
4544
4545
4509
4546
4526
4546
4547
4532
4544
4548
4491
4538
4492
4538
4549
4501
4502
4550
4497
4550
4551
4551
4552
4553
4554
4554
4555
4499
4557
4558
4559
4539
4560
4506
4513
4561
4505
4562
4563
4518
4531
4564
4565
4563
4565
4566
4568
4512
4569
4570
4571
4572
4516
4573
4572
4573
4574
4575
4577
4518
4578
4574
4576
4579
4528
4523
4580
4522
4580
4581
4581
4571
4582
4570
4583
4526
4564
4584
4585
4586
4529
4578
4531
4587
4588
4589
4590
4591
4592
4593
4594
4535
4595
4596
4597
4600
4601
4548
4600
4602
4603
4542
4604
4547
4605
4605
4606
4549
4555
4607
4545
4608
4607
4609
4566
4610
4610
4611
4591
4612
4602
4613
4614
4615
4554
4616
4557
4616
4604
4617
4617
4618
4619
4559
4620
4620
4621
4621
4622
4603
4623
4562
4590
4624
4625
4626
4626
4566
4627
4628
4629
4630
4582
4632
4569
4625
4633
4634
4635
4636
4635
4637
4638
4639
4624
4640
4641
4642
4632
4586
4643
4586
4640
4641
4643
4635
4644
4631
4645
4637
4646
4645
4647
4585
4588
4648
4608
4649
4650
4640
4651
4652
4592
4653
4597
4652
4654
4629
4651
4593
4655
4608
4656
4600
4657
4596
4599
4657
4650
4658
4598
4659
4658
4659
4599
4660
4612
4661
4613
4663
4664
4609
4664
4665
4612
4666
4667
4667
4668
4669
4649
4664
4670
4671
4672
4673
4618
4623
4674
4662
4674
4675
4676
4677
4678
4679
4673
4680
4666
4681
4682
4683
4684
4684
4685
4686
4673
4687
4639
4651
4634
4689
4629
4689
4628
4630
4690
4691
4692
4693
4646
4694
4642
4636
4695
4639
4696
4697
4698
4638
4699
4642
4700
4701
4702
4702
4703
4704
4650
4705
4706
4694
4705
4707
4705
4708
4690
4709
4710
4667
4711
4702
4712
4713
4714
4654
4656
4709
4715
4716
4656
4717
4718
4719
4717
4720
4714
4721
4715
4722
4661
4720
4723
4724
4685
4665
4679
4726
4727
4728
4729
4668
4730
4731
4729
4732
4693
4733
4711
4733
4734
4718
4730
4735
4723
4725
4736
4736
4737
4738
4677
4685
4739
4678
4740
4683
4740
4741
4682
4741
4681
4738
4742
4743
4744
4729
4745
4684
4746
4747
4748
4748
4749
4688
4736
4737
4725
4750
4751
4752
4692
4751
4750
4753
4754
4757
4696
4758
4759
4701
4760
4698
4699
4706
4761
4762
4707
4763
4704
4763
4764
4712
4765
4714
4766
4767
4768
4768
4769
4770
4770
4771
4755
4757
4772
4774
4775
4711
4752
4776
4777
4753
4778
4716
4778
4779
4767
4717
4780
4774
4781
4782
4782
4783
4731
4783
4784
4785
4722
4786
4780
4787
4735
4785
4787
4728
4788
4734
4789
4789
4790
4791
4792
4793
4732
4794
4793
4795
4754
4796
4796
4797
4798
4799
4742
4773
4800
4800
4801
4801
4802
4803
4804
4805
4806
4807
4800
4808
4792
4808
4809
4745
4810
4811
4812
4813
4804
4815
4749
4815
4803
4816
4817
4760
4818
4819
4754
4820
4760
4819
4821
4756
4822
4757
4823
4770
4761
4824
4825
4824
4826
4826
4827
4828
4771
4827
4822
4828
4765
4829
4830
4825
4831
4832
4833
4779
4786
4829
4832
4822
4834
4835
4836
4835
4837
4839
4840
4776
4784
4840
4841
4842
4794
4797
4841
4831
4839
4781
4843
4844
4845
4844
4846
4799
4847
4793
4848
4849
4850
4799
4833
4844
4851
4807
4852
4853
4791
4853
4854
4855
4856
4798
4857
4858
4850
4859
4856
4859
4860
4861
4862
4863
4851
4864
4865
4866
4867
4868
4805
4868
4869
4816
4838
4870
4806
4870
4813
4871
4871
4851
4872
4810
4857
4873
4812
4874
4813
4868
4875
4855
4876
4877
4817
4878
4878
4879
4880
4820
4881
4839
4882
4821
4842
4883
4884
4835
4885
4886
4887
4830
4888
4889
4890
4891
4830
4892
4843
4893
4894
4843
4895
4834
4896
4897
4898
4836
4899
4900
4899
4901
4867
4904
4905
4906
4907
4850
4908
4908
4909
4910
4911
4847
4912
4906
4913
4914
4865
4915
4849
4916
4917
4918
4919
4920
4921
4854
4922
4923
4924
4925
4926
4927
4927
4928
4924
4928
4858
4929
4860
4930
4862
4931
4928
4932
4863
4883
4924
4933
4934
4935
4929
4936
4937
4938
4867
4872
4939
4940
4870
4878
4941
4942
4923
4943
4944
4945
4946
4947
4947
4948
4949
4940
4949
4950
4877
4927
4948
4923
4951
4953
4880
4954
4955
4952
4882
4909
4957
4889
4905
4935
4892
4958
4959
4958
4960
4891
4961
4888
4889
4962
4895
4963
4964
4965
4966
4967
4966
4894
4967
4894
4910
4968
4969
4905
4970
4898
4968
4971
4911
4971
4959
4972
4960
4965
4972
4973
4974
4975
4976
4977
4978
4907
4919
4979
4909
4979
4935
4980
4981
4914
4982
4912
4983
4984
4983
4985
4986
4985
4987
4916
4938
4988
4989
4990
4930
4989
4991
4920
4992
4993
4986
4992
4931
4994
4995
4926
4996
4997
4998
4998
4999
4999
5000
5001
5002
4930
4946
4932
4993
5003
4991
5004
4934
4998
5005
5006
5007
4938
4989
5008
4995
5008
5009
5010
4944
4977
5011
5011
5012
4953
5013
5014
4943
5013
4997
4945
5015
5016
5017
5018
5019
5020
5021
5022
5019
5023
4951
5012
5023
5022
5024
4975
4976
4955
4975
4978
5025
5025
4958
4959
5029
4964
5030
5031
4968
5026
5031
4962
4966
5032
5033
5034
4969
4970
5033
5035
5036
5037
5038
5037
5039
5040
4982
5039
4982
5041
5040
5042
5043
5042
5044
4978
5045
5047
5047
5049
5050
5041
5051
4994
5007
5052
5030
5051
5052
4987
4984
5053
4988
5054
5053
5055
4990
5056
5041
5057
4990
5058
5059
5060
4993
5061
5062
5063
5064
5065
5066
5067
5068
5069
5024
5068
5070
5071
5001
5071
5072
5002
5021
5004
5070
5005
5066
5073
5074
5075
5006
5076
5077
5078
5077
5010
5079
5018
5067
5080
5081
5015
5049
5014
5082
5083
5083
5084
5019
5085
5018
5048
5086
5020
5075
5087
5088
5089
5090
5091
5090
5092
5023
5093
5089
5083
5094
5084
5095
5027
5028
5042
5096
5098
5099
5100
5101
5037
5102
5034
5103
5039
5104
5035
5105
5101
5038
5043
5106
5107
5108
5109
5053
5098
5110
5111
5112
5111
5113
5114
5047
5115
5117
5067
5050
5085
5082
5119
5063
5121
5065
5100
5122
5058
5123
5057
5124
5125
5060
5062
5125
5109
5126
5081
5127
5061
5128
5129
5128
5130
5064
5074
5131
5132
5065
5132
5073
5131
5133
5077
5134
5094
5072
5135
5136
5071
5076
5137
5092
5138
5139
5140
5140
5141
5090
5142
5140
5143
5144
5144
5145
5080
5129
5146
5147
5148
5149
5084
5150
5151
5152
5119
5153
5120
5153
5154
5088
5155
5156
5148
5154
5150
5157
5158
5155
5157
5159
5093
5158
5135
5160
5135
5161
5162
5163
5165
5166
5167
5122
5102
5124
5167
5168
5169
5170
5107
5165
5108
5171
5105
5110
5172
5169
5171
5108
5173
5174
5109
5175
5172
5121
5126
5112
5176
5177
5178
5179
5180
5116
5181
5182
5180
5162
5181
5120
5153
5150
5183
5169
5184
5123
5124
5185
5186
5187
5188
5172
5187
5130
5189
5190
5131
5191
5192
5193
5188
5191
5194
5184
5195
5134
5195
5196
5197
5198
5199
5138
5200
5143
5201
5201
5202
5194
5198
5203
5203
5142
5193
5204
5156
5205
5145
5206
5197
5207
5149
5208
5209
5208
5210
5211
5212
5189
5213
5152
5161
5163
5214
5215
5216
5217
5217
5218
5211
5219
5160
5213
5159
5220
5160
5221
5222
5199
5223
5224
5166
5176
5167
5225
5226
5227
5170
5196
5229
5229
5230
5231
5232
5175
5231
5233
5177
5233
5225
5232
5178
5234
5234
5235
5183
5237
5238
5239
5240
5223
5241
5241
5242
5213
5215
5187
5244
5186
5190
5227
5245
5246
5245
5247
5209
5248
5245
5249
5192
5250
5209
5251
5211
5252
5253
5254
5253
5255
5256
5257
5253
5258
5222
5259
5259
5260
5261
5220
5261
5262
5204
5263
5264
5265
5220
5265
5266
5261
5263
5267
5257
5268
5269
5270
5212
5271
5272
5273
5273
5274
5214
5222
5275
5217
5237
5243
5274
5276
5276
5219
5221
5277
5266
5278
5279
5279
5280
5281
5282
5283
5275
5282
5284
5226
5285
5287
5288
5228
5289
5290
5291
5291
5292
5232
5292
5293
5287
5294
5287
5295
5295
5296
5237
5297
5298
5239
5275
5299
5282
5300
5301
5302
5303
5297
5255
5290
5306
5307
5247
5293
5306
5307
5308
5249
5309
5310
5251
5254
5311
5252
5312
5264
5313
5314
5264
5315
5256
5316
5290
5317
5318
5318
5319
5320
5321
5322
5323
5324
5322
5325
5326
5265
5319
5327
5328
5279
5329
5268
5319
5330
5318
5331
5271
5332
5312
5332
5333
5334
5335
5274
5336
5278
5313
5337
5281
5277
5298
5337
5338
5337
5339
5326
5338
5340
5341
5321
5340
5342
5342
5343
5344
5345
5289
5293
5346
5288
5347
5348
5349
5350
5307
5353
5354
5354
5355
5356
5357
5355
5358
5359
5360
5298
5361
5363
5363
5364
5365
5301
5365
5366
5304
5362
5303
5343
5367
5368
5367
5368
5357
5369
5370
5311
5369
5371
5333
5372
5370
5372
5315
5373
5373
5374
5374
5375
5316
5320
5376
5376
5377
5378
5379
5379
5380
5381
5382
5383
5384
5344
5385
5386
5387
5385
5387
5325
5330
5386
5388
5341
5389
5328
5375
5377
5329
5382
5339
5389
5331
5388
5390
5335
5391
5391
5392
5336
5393
5374
5394
5395
5396
5397
5398
5375
5399
5364
5400
5401
5402
5345
5366
5403
5404
5405
5349
5406
5407
5408
5358
5359
5409
5351
5410
5408
5409
5410
5352
5411
5407
5412
5370
5407
5356
5380
5413
5357
5413
5406
5414
5415
5415
5416
5417
5418
5398
5417
5398
5419
5418
5420
5403
5421
5403
5422
5422
5378
5425
5426
5426
5427
5428
5429
5428
5430
5431
5431
5378
5432
5430
5432
5433
5434
5435
5436
5383
5437
5384
5438
5434
5439
5432
5440
5400
5404
5441
5402
5442
5438
5443
5438
5444
5437
5445
5446
5428
5429
5447
5394
5448
5449
5446
5450
5396
5449
5451
5397
5399
5401
5453
5453
5444
5454
5402
5419
5444
5455
5456
5457
5458
5458
5459
5460
5461
5462
5463
5464
5414
5463
5411
5465
5466
5467
5462
5468
5469
5470
5471
5472
5473
5463
5474
5474
5475
5418
5477
5478
5479
5480
5421
5481
5482
5457
5459
5424
5483
5484
5485
5427
5433
5461
5429
5462
5486
5487
5488
5489
5431
5490
5450
5491
5491
5492
5493
5493
5494
5495
5470
5494
5496
5497
5440
5496
5498
5499
5500
5501
5502
5501
5503
5445
5497
5502
5504
5505
5506
5447
5507
5488
5508
5507
5509
5454
5510
5454
5490
5452
5511
5512
5476
5513
5512
5514
5515
5456
5514
5516
5479
5503
5517
5480
5482
5465
5471
5518
5487
5518
5487
5519
5467
5520
5472
5521
5469
5522
5523
5522
5489
5524
5524
5525
5526
5472
5526
5527
5527
5528
5529
5530
5477
5512
5531
5531
5532
5514
5533
5482
5534
5535
5536
5537
5537
5485
5517
5485
5539
5540
5488
5541
5542
5543
5490
5542
5500
5542
5495
5500
5544
5498
5545
5498
5546
5505
5547
5499
5548
5549
5505
5550
5551
5552
5506
5552
5553
5554
5515
5516
5548
5555
5556
5508
5557
5510
5558
5511
5559
5513
5560
5561
5561
5562
5563
5564
5565
5566
5544
5567
5520
5528
5529
5568
5569
5523
5567
5570
5571
5525
5572
5573
5543
5574
5545
5575
5575
5576
5576
5577
5578
5579
5578
5580
5581
5535
5581
5582
5534
5584
5585
5537
5586
5584
5587
5566
5588
5589
5590
5540
5591
5540
5594
5595
5566
5596
5597
5598
5599
5567
5597
5546
5600
5546
5601
5602
5549
5603
5565
5604
5605
5551
5604
5606
5599
5607
5553
5608
5565
5609
5585
5610
5556
5606
5611
5612
5613
5596
5614
5614
5615
5560
5562
5615
5616
5617
5616
5618
5564
5619
5599
5604
5619
5616
5620
5621
5622
5623
5578
5624
5571
5625
5626
5576
5625
5627
5572
5628
5625
5629
5574
5630
5629
5631
5632
5633
5579
5634
5635
5636
5635
5637
5618
5638
5583
5587
5639
5618
5640
5586
5641
5642
5588
5643
5591
5644
5622
5645
5646
5642
5646
5593
5638
5617
5647
5648
5649
5650
5651
5631
5652
5599
5653
5654
5623
5655
5656
5632
5657
5605
5655
5657
5611
5658
5659
5658
5660
5661
5654
5656
5661
5609
5612
5662
5621
5663
5641
5663
5664
5665
5666
5660
5667
5666
5668
5650
5669
5670
5671
5671
5672
5673
5653
5674
5674
5675
5676
5659
5675
5649
5627
5677
5626
5678
5679
5680
5679
5681
5682
5682
5683
5651
5651
5684
5685
5634
5681
5685
5686
5636
5687
5688
5689
5673
5690
5690
5691
5692
5693
5694
5692
5695
5696
5644
5691
5693
5697
5698
5698
5699
5700
5699
5648
5702
5703
5704
5670
5705
5706
5654
5677
5707
5670
5708
5709
5710
5711
5677
5712
5711
5710
5660
5713
5714
5665
5715
5667
5716
5717
5718
5718
5719
5712
5720
5721
5668
5722
5723
5672
5724
5725
5673
5726
5727
5694
5713
5728
5713
5717
5726
5729
5730
5731
5687
5732
5733
5734
5735
5733
5734
5736
5737
5738
5739
5684
5735
5740
5707
5741
5738
5688
5742
5688
5743
5743
5744
5701
5745
5746
5747
5729
5748
5746
5749
5726
5745
5719
5748
5750
5750
5751
5747
5752
5753
5754
5751
5704
5755
5756
5758
5758
5759
5759
5762
5763
5741
5762
5731
5764
5709
5725
5765
5764
5766
5712
5767
5738
5768
5769
5770
5715
5770
5771
5766
5772
5718
5773
5729
5774
5775
5776
5777
5769
5772
5778
5778
5779
5723
5780
5781
5779
5782
5727
5783
5763
5784
5785
5785
5765
5770
5786
5787
5786
5788
5789
5735
5790
5743
5791
5792
5742
5793
5737
5794
5794
5795
5796
5797
5742
5798
5799
5740
5741
5800
5801
5802
5791
5803
5746
5804
5805
5806
5749
5807
5754
5808
5777
5809
5809
5753
5761
5810
5755
5811
5809
5812
5813
5814
5804
5815
5760
5815
5814
5816
5817
5817
5818
5819
5819
5820
5801
5821
5766
5822
5823
5824
5825
5799
5825
5824
5826
5827
5781
5827
5828
5829
5830
5775
5780
5831
5787
5827
5832
5776
5832
5833
5834
5835
5836
5837
5836
5838
5839
5840
5839
5841
5838
5842
5784
5788
5844
5822
5845
5788
5804
5822
5846
5789
5847
5848
5846
5849
5826
5850
5851
5852
5793
5852
5853
5796
5854
5797
5851
5855
5856
5857
5855
5858
5799
5859
5860
5855
5861
5819
5862
5860
5863
5864
5865
5806
5865
5866
5867
5868
5808
5833
5847
5866
5869
5870
5867
5871
5872
5812
5873
5874
5870
5875
5874
5876
5817
5877
5879
5879
5880
5880
5871
5881
5882
5845
5883
5823
5850
5884
5885
5830
5885
5837
5886
5887
5888
5889
5846
5829
5841
5890
5891
5892
5889
5891
5840
5893
5839
5894
5894
5895
5835
5893
5896
5897
5892
5898
5899
5900
5901
5842
5902
5892
5903
5904
5844
5905
5845
5906
5907
5890
5849
5894
5865
5908
5909
5909
5910
5889
5912
5913
5914
5911
5915
5854
5916
5863
5917
5918
5858
5919
5920
5911
5921
5913
5922
5887
5923
5924
5923
5862
5918
5882
5925
5926
5915
5927
5878
5909
5928
5928
5929
5878
5930
5875
5895
5931
5897
5932
5873
5931
5933
5875
5934
5934
5935
5877
5936
5937
5938
5940
5881
5941
5942
5883
5943
5912
5925
5944
5945
5946
5888
5899
5947
5947
5914
5948
5949
5910
5945
5945
5950
5951
5952
5953
5954
5955
5952
5955
5956
5956
5899
5951
5957
5958
5957
5959
5902
5903
5953
5960
5961
5962
5963
5959
5960
5906
5908
5964
5946
5964
5965
5938
5966
5966
5962
5967
5968
5969
5970
5969
5971
5924
5971
5916
5972
5973
5919
5974
5975
5976
5977
5978
5921
5977
5979
5980
5969
5976
5981
5982
5947
5983
5943
5976
5974
5982
5972
5984
5931
5985
5930
5986
5987
5988
5933
5989
5990
5991
5992
5993
5994
5955
5956
5995
5994
5996
5941
5996
5987
5998
5941
5997
5999
5990
5999
5965
6000
5946
5965
6001
6002
6002
6003
5949
6004
6005
5950
5970
6005
6006
6005
6007
5961
5954
5962
6008
6009
6008
6010
6011
6003
6010
6012
6013
6014
6008
6015
6016
6007
6013
6017
6018
6019
6020
6019
6021
6002
6019
6022
5972
6023
6024
6001
6024
5978
6004
6025
5975
6026
6027
6028
6028
6029
6030
6031
6032
5983
6033
5981
6034
6035
6023
6031
6036
6030
6037
6027
6027
6038
6039
5986
6021
6040
6041
6042
6041
5991
6009
6040
6043
6044
6045
6046
6047
6044
6048
6046
6049
6050
5995
6051
6050
6052
6053
6054
5998
6056
6057
6054
6056
6020
6058
6006
6059
6006
6060
6024
6061
6062
6063
6011
6062
6064
6065
6066
6067
6012
6068
6013
6069
6070
6015
6071
6072
6017
6022
6065
6073
6074
6020
6075
6076
6077
6041
6076
6063
6078
6025
6079
6026
6080
6029
6081
6082
6083
6031
6084
6058
6085
6033
6035
6085
6061
6086
6087
6088
6089
6090
6079
6088
6091
6060
6082
6086
6080
6092
6093
6094
6095
6093
6096
6047
6097
6098
6099
6100
6049
6101
6102
6103
6104
6098
6105
6052
6106
6105
6107
6108
6098
6109
6110
6111
6110
6111
6091
6077
6079
6112
6113
6114
6115
6073
6115
6073
6112
6066
6072
6108
6094
6116
6102
6116
6068
6113
6117
6118
6117
6119
6071
6074
6120
6072
6121
6122
6123
6116
6124
6076
6125
6078
6091
6125
6094
6126
6114
6081
6127
6128
6129
6129
6130
6130
6131
6132
6132
6133
6134
6135
6089
6114
6136
6133
6137
6133
6138
6127
6139
6095
6140
6141
6097
6101
6142
6100
6143
6144
6104
6145
6146
6146
6147
6148
6149
6150
6151
6150
6152
6153
6148
6152
6106
6154
6153
6155
6153
6156
6157
6122
6157
6111
6158
6160
6160
6126
6161
6135
6162
6118
6163
6164
6165
6135
6166
6120
6167
6121
6168
6169
6169
6124
6161
6163
6164
6170
6126
6171
6172
6173
6131
6174
6175
6175
6176
6176
6177
6134
6178
6179
6175
6180
6181
6137
6182
6183
6184
6171
6183
6186
6141
6187
6188
6172
6189
6143
6187
6191
6190
6192
6154
6158
6193
6193
6194
6195
6148
6196
6197
6198
6151
6191
6198
6157
6199
6199
6200
6201
6202
6203
6204
6203
6205
6203
6206
6207
6208
6160
6210
6212
6162
6214
6163
6215
6216
6189
6200
6166
6217
6218
6216
6219
6168
6218
6220
6170
6221
6222
6223
6224
6225
6214
6225
6174
6186
6226
6227
6228
6229
6227
6230
6231
6179
6231
6232
6184
6233
6181
6228
6234
6219
6215
6235
6236
6235
6236
6237
6233
6238
6239
6240
6209
6239
6214
6240
6241
6242
6243
6208
6244
6196
6245
6246
6244
6245
6247
6197
6248
6202
6249
6202
6250
6224
6241
6247
6251
6252
6253
6252
6205
6254
6252
6207
6255
6222
6256
6212
6257
6225
6258
6212
6259
6259
6260
6246
6261
6261
6262
6223
6263
6264
6265
6223
6264
6265
6266
6267
6268
6222
6256
6268
6269
6250
6270
6271
6272
6273
6273
6274
6275
6275
6276
6274
6276
6277
6278
6279
6279
6280
6281
6278
6282
6266
6281
6283
6271
6284
6285
6286
6285
6287
6288
6258
6241
6289
6290
6243
6249
6291
6292
6293
6254
6294
6295
6296
6254
6297
6249
6292
6298
6299
6256
6300
6253
6301
6302
6303
6300
6304
6305
6303
6306
6307
6260
6294
6308
6309
6310
6310
6271
6289
6263
6286
6311
6269
6312
6267
6313
6314
6312
6314
6315
6316
6270
6317
6311
6318
6308
6288
6319
6278
6319
6320
6283
6321
6279
6321
6322
6323
6324
6286
6325
6326
6326
6327
6287
6328
6327
6329
6330
6331
6330
6332
6333
6334
6335
6290
6308
6311
6336
6293
6336
6337
6338
6339
6340
6341
6342
6343
6344
6345
6346
6347
6301
6342
6348
6343
6349
6350
6304
6349
6351
6307
6352
6353
6354
6303
6306
6355
6356
6357
6348
6358
6307
6359
6360
6361
6362
6362
6364
6317
6326
6314
6317
6365
6366
6365
6367
6360
6367
6368
6368
6369
6370
6371
6372
6372
6373
6327
6374
6375
6376
6377
6324
6328
6371
6378
6379
6333
6380
6381
6382
6383
6384
6383
6385
6386
6361
6387
6334
6386
6388
6364
6388
6389
6372
6390
6361
6391
6391
6392
6393
6350
6393
6347
6394
6395
6358
6395
6354
6396
6397
6398
6345
6396
6399
6400
6401
6400
6402
6403
6404
6397
6405
6406
6407
6392
6405
6408
6356
6370
6409
6355
6404
6410
6357
6411
6412
6408
6413
6397
6414
6403
6360
6415
6409
6394
6417
6416
6369
6391
6418
6419
6385
6418
6420
6382
6421
6380
6422
6421
6423
6424
6425
6376
6426
6377
6383
6427
6428
6429
6430
6431
6429
6432
6433
6381
6384
6432
6382
6434
6435
6436
6437
6438
6389
6439
6387
6440
6435
6440
6435
6425
6441
6440
6422
6442
6443
6444
6402
6446
6447
6448
6449
6450
6451
6399
6407
6452
6453
6454
6450
6455
6454
6456
6447
6457
6458
6459
6460
6445
6460
6461
6462
6423
6463
6420
6464
6411
6465
6466
6414
6467
6415
6465
6414
6463
6468
6451
6464
6417
6469
6446
6472
6420
6421
6473
6474
6475
6423
6476
6477
6425
6433
6426
6478
6479
6431
6480
6481
6430
6482
6483
6482
6484
6478
6485
6438
6486
6487
6436
6476
6488
6489
6486
6490
6480
6488
6491
6439
6480
6492
6444
6493
6443
6460
6494
6445
6495
6489
6471
6469
6496
6450
6497
6496
6498
6453
6467
6499
6500
6459
6501
6462
6501
6502
6502
6503
6456
6504
6497
6505
6505
6506
6463
6507
6508
6462
6509
6510
6511
6468
6512
6468
6513
6506
6513
6514
6514
6515
6516
6517
6517
6509
6519
6473
6492
6520
6521
6512
6521
6477
6491
6520
6494
6522
6511
6523
6487
6524
6524
6525
6526
6483
6527
6487
6528
6529
6530
6486
6488
6531
6529
6532
6533
6534
6535
6490
6495
6518
6536
6537
6526
6525
6538
6495
6539
6519
6540
6498
6541
6542
6500
6503
6543
6544
6545
6515
6546
6515
6547
6548
6549
6545
6550
6551
6552
6508
6546
6553
6510
6554
6555
6546
6556
6516
6553
6557
6558
6559
6560
6561
6562
6557
6563
6540
6564
6519
6566
6567
6537
6568
6568
6523
6535
6569
6536
6570
6532
6571
6572
6537
6573
6530
6573
6574
6575
6576
6577
6578
6579
6580
6533
6576
6581
6582
6566
6583
6577
6584
6536
6581
6585
6586
6587
6554
6569
6588
6589
6542
6590
6591
6592
6544
6561
6593
6591
6594
6595
6596
6549
6597
6598
6590
6599
6561
6599
6600
6558
6601
6570
6602
6603
6604
6556
6567
6605
6604
6606
6568
6607
6608
6563
6609
6610
6562
6609
6611
6611
6596
6612
6602
6613
6614
6616
6617
6588
6617
6618
6603
6619
6603
6620
6572
6584
6621
6587
6622
6586
6623
6623
6624
6580
6625
6626
6626
6627
6628
6629
6579
6630
6631
6632
6633
6634
6635
6636
6630
6637
6638
6586
6634
6639
6640
6642
6604
6619
6592
6614
6643
6643
6644
6645
6598
6646
6647
6595
6644
6648
6615
6649
6650
6651
6612
6652
6653
6652
6654
6643
6655
6655
6656
6657
6657
6658
6650
6659
6660
6660
6661
6662
6651
6663
6664
6613
6665
6610
6666
6650
6667
6613
6668
6669
6670
6670
6671
6672
6616
6673
6673
6675
6635
6661
6640
6665
6635
6660
6639
6659
6663
6622
6637
6676
6677
6678
6632
6679
6629
6680
6681
6636
6682
6628
6683
6684
6633
6684
6685
6685
6681
6686
6636
6687
6688
6689
6690
6683
6691
6692
6693
6678
6694
6642
6677
6695
6645
6696
6673
6697
6648
6698
6699
6652
6670
6700
6696
6701
6702
6703
6671
6703
6704
6705
6706
6707
6708
6709
6669
6710
6711
6709
6712
6666
6712
6703
6713
6663
6714
6664
6715
6716
6717
6717
6718
6719
6668
6669
6720
6721
6720
6722
6723
6723
6718
6724
6713
6719
6722
6674
6675
6725
6727
6690
6691
6729
6729
6730
6730
6731
6682
6732
6733
6734
6735
6689
6736
6735
6737
6738
6739
6740
6734
6741
6742
6692
6742
6743
6689
6714
6744
6743
6737
6745
6746
6747
6717
6748
6694
6713
6749
6719
6750
6696
6708
6752
6753
6753
6754
6755
6756
6757
6701
6707
6758
6756
6759
6760
6702
6761
6762
6721
6706
6763
6715
6718
6764
6765
6767
6755
6768
6769
6760
6770
6771
6712
6720
6772
6773
6774
6716
6775
6744
6776
6744
6777
6778
6779
6724
6774
6779
6780
6724
6760
6781
6727
6754
6782
6762
6782
6728
6751
6783
6750
6784
6785
6786
6734
6787
6788
6789
6746
6789
6746
6790
6791
6792
6741
6784
6793
6792
6793
6794
6795
6787
6796
6744
6787
6790
6797
6798
6799
6749
6777
6800
6801
6802
6785
6803
6804
6805
6804
6806
6807
6771
6808
6771
6809
6758
6810
6811
6767
6812
6763
6809
6813
6781
6762
6806
6812
6814
6815
6765
6816
6817
6814
6815
6818
6818
6769
6805
6808
6819
6772
6820
6821
6820
6822
6823
6819
6822
6779
6801
6776
6817
6824
6781
6816
6780
6803
6823
6825
6801
6807
6826
6797
6828
6829
6830
6802
6831
6832
6833
6824
6834
6835
6836
6837
6791
6838
6839
6840
6830
6841
6837
6842
6843
6796
6829
6844
6800
6845
6846
6799
6838
6847
6848
6849
6821
6849
6850
6851
6852
6853
6807
6854
6855
6856
6857
6810
6858
6859
6860
6861
6862
6863
6861
6864
6814
6816
6865
6866
6859
6867
6868
6869
6859
6856
6870
6871
6823
6850
6870
6872
6825
6834
6873
6874
6875
6876
6877
6878
6849
6879
6833
6880
6832
6851
6881
6882
6883
6884
6836
6885
6886
6886
6887
6846
6888
6888
6889
6890
6841
6890
6843
6891
6844
6892
6893
6894
6895
6896
6897
6848
6873
6898
6878
6899
6887
6888
6900
6868
6901
6902
6881
6903
6875
6854
6904
6905
6857
6905
6906
6907
6876
6906
6870
6908
6909
6910
6860
6911
6912
6913
6862
6914
6907
6915
6916
6917
6907
6909
6918
6915
6919
6920
6921
6867
6919
6913
6869
6921
6873
6922
6923
6903
6912
6923
6874
6924
6884
6925
6881
6925
6877
6926
6927
6928
6880
6929
6930
6883
6891
6931
6932
6933
6933
6934
6935
6936
6937
6937
6938
6895
6939
6940
6941
6942
6895
6941
6894
6943
6937
6944
6945
6897
6946
6947
6947
6948
6949
6898
6944
6950
6929
6951
6935
6952
6940
6953
6939
6954
6921
6952
6955
6956
6957
6958
6931
6958
6959
6960
6909
6960
6959
6961
6962
6910
6963
6964
6965
6920
6966
6967
6968
6969
6970
6917
6967
6970
6918
6969
6971
6972
6973
6964
6974
6975
6955
6976
6977
6924
6963
6978
6979
6979
6961
6980
6980
6983
6953
6947
6984
6957
6984
6985
6979
6986
6985
6986
6987
6985
6988
6943
6988
6936
6944
6989
6939
6990
6991
6942
6992
6993
6994
6995
6996
6997
6998
6999
6999
7000
7001
7001
6949
7001
7002
7003
7004
6951
7005
7006
7007
7008
7005
7009
7010
6991
7011
6956
7005
6966
7007
7012
7013
6968
7013
7014
7015
6982
7016
6974
6981
6982
7017
7018
7019
7020
7018
7020
6968
7021
6976
7022
7023
7024
7025
6975
6972
7026
7027
7028
7029
7026
7030
6976
7031
7009
7017
7032
7033
7035
7036
7037
7012
7038
7039
7013
7040
7040
7041
7042
6990
6997
7043
7043
7044
7010
7011
7045
7046
7047
7047
7048
7049
7050
7006
7051
7052
7051
7053
7054
7055
7008
7054
7056
7057
7003
7049
7058
7046
7059
7044
7055
7059
7060
7060
7061
7012
7062
7063
7064
7065
7066
7067
7068
7016
7069
7019
7069
7035
7070
7071
7025
7072
7073
7074
7025
7073
7023
7062
7075
7029
7076
7077
7068
7078
7078
7079
7080
7081
7036
7082
7079
7083
7084
7085
7037
7074
7086
7060
7077
7033
7087
7040
7037
7088
7089
7070
7057
7091
7092
7042
7091
7093
7094
7093
7095
7050
7096
7096
7097
7048
7065
7098
7099
7100
7101
7102
7100
7103
7103
7061
7055
7096
7104
7054
7064
7105
7106
7107
7057
7108
7109
7058
7110
7111
7112
7113
7064
7114
7063
7067
7108
7115
7116
7117
7097
7098
7068
7092
7118
7119
7119
7120
7072
7121
7122
7123
7119
7124
7076
7115
7125
7085
7126
7127
7125
7128
7129
7130
7081
7131
7132
7122
7133
7084
7086
7085
7129
7134
7134
7135
7136
7135
7137
7121
7138
7137
7090
7120
7139
7140
7110
7141
7108
7142
7143
7095
7138
7144
7143
7145
7112
7102
7146
7101
7112
7147
7148
7102
7149
7150
7110
7151
7152
7106
7153
7154
7107
7109
7113
7152
7155
7111
7156
7157
7113
7158
7159
7160
7116
7127
7161
7162
7162
7163
7146
7128
7142
7144
7164
7165
7166
7166
7167
7124
7133
7168
7169
7170
7129
7171
7127
7162
7172
7131
7173
7174
7132
7175
7176
7177
7178
7179
7180
7180
7181
7136
7182
7175
7183
7184
7185
7145
7186
7165
7189
7189
7157
7190
7191
7190
7192
7191
7193
7177
7194
7195
7197
7149
7198
7199
7199
7200
7201
7201
7202
7200
7203
7153
7204
7205
7156
7163
7206
7156
7161
7192
7207
7203
7208
7207
7208
7209
7160
7196
7210
7204
7211
7171
7212
7212
7212
7213
7169
7214
7214
7215
7186
7216
7181
7217
7218
7219
7219
7220
7175
7180
7221
7173
7222
7184
7223
7192
7224
7176
7222
7225
7226
7227
7228
7186
7229
7179
7230
7231
7232
7233
7234
7218
7235
7225
7236
7237
7185
7226
7236
7237
7188
7238
7215
7239
7240
7241
7194
7243
7194
7244
7243
7244
7245
7246
7245
7247
7202
7210
7248
7249
7249
7250
7248
7251
7252
7253
7254
7206
7254
7255
7256
7257
7258
7258
7259
7211
7260
7261
7262
7263
7263
7264
7265
7256
7266
7267
7267
7268
7217
7238
7269
7270
7271
7267
7272
7273
7272
7274
7275
7276
7277
7237
7278
7231
7277
7279
7280
7281
7228
7274
7233
7277
7282
7280
7283
7230
7246
7284
7285
7286
7233
7286
7234
7287
7288
7289
7235
7290
7269
7291
7280
7292
7292
7247
7284
7240
7272
7293
7274
7294
7242
7268
7258
7279
7252
7295
7296
7295
7297
7298
7300
7301
7302
7303
7253
7303
7304
7301
7305
7306
7259
7307
7308
7257
7308
7309
7310
7261
7311
7312
7260
7313
7314
7315
7264
7316
7299
7317
7318
7315
7318
7308
7319
7266
7276
7278
7310
7321
7322
7323
7288
7291
7324
7324
7325
7326
7321
7325
7327
7328
7326
7329
7330
7281
7331
7332
7281
7297
7333
7334
7335
7283
7332
7336
7334
7337
7285
7298
7288
7338
7297
7339
7290
7340
7341
7342
7336
7343
7344
7329
7345
7345
7294
7346
7347
7296
7348
7298
7349
7350
7351
7320
7352
7353
7354
7317
7354
7353
7355
7315
7356
7356
7357
7358
7307
7359
7357
7360
7361
7362
7363
7364
7364
7312
7316
7363
7313
7333
7314
7365
7316
7366
7367
7368
7358
7369
7370
7371
7361
7372
7373
7358
7322
7374
7375
7376
7377
7327
7378
7377
7379
7337
7380
7381
7382
7383
7381
7383
7384
7332
7335
7385
7386
7387
7388
7335
7389
7390
7391
7392
7391
7393
7342
7351
7394
7344
7350
7395
7343
7396
7397
7397
7398
7399
7399
7400
7401
7402
7403
7382
7404
7378
7405
7406
7380
7407
7349
7359
7409
7410
7388
7409
7410
7370
7411
7412
7356
7413
7414
7415
7416
7417
7365
7417
7418
7362
7419
7420
7387
7421
7385
7422
7388
7423
7367
7424
7425
7371
7414
7372
7421
7424
7412
7426
7427
7373
7428
7426
7429
7419
7430
7431
7375
7432
7408
7433
7377
7382
7434
7435
7436
7437
7432
7435
7436
7438
7439
7439
7440
7441
7396
7442
7437
7443
7444
7386
7445
7387
7446
7447
7448
7393
7449
7445
7449
7440
7450
7446
7451
7452
7453
7454
7395
7455
7456
7403
7457
7400
7458
7459
7460
7404
7461
7456
7440
7462
7403
7459
7463
7448
7451
7464
7465
7466
7467
7407
7468
7469
7470
7417
7457
7455
7471
7472
7472
7473
7414
7471
7474
7475
7475
7476
7427
7477
7423
7476
7478
7421
7479
7422
7480
7481
7482
7425
7483
7484
7485
7485
7486
7487
7488
7489
7431
7490
7484
7487
7490
7431
7491
7492
7493
7470
7494
7441
7495
7495
7493
7496
7468
7496
7454
7443
7497
7498
7466
7499
7444
7458
7499
7469
7500
7501
7502
7482
7503
7447
7503
7481
7504
7483
7504
7453
7452
7498
7505
7504
7506
7507
7508
7509
7457
7510
7459
7511
7512
7513
7514
7515
7461
7514
7516
7517
7518
7519
7520
7465
7518
7521
7465
7522
7523
7524
7525
7494
7469
7526
7527
7528
7488
7530
7488
7531
7531
7532
7530
7533
7486
7533
7486
7534
7478
7512
7534
7535
7480
7492
7536
7537
7536
7538
7537
7523
7539
7491
7540
7539
7541
7542
7543
7544
7545
7532
7491
7529
7546
7547
7494
7548
7549
7550
7551
7552
7553
7554
7555
7519
7555
7525
7556
7527
7554
7557
7558
7559
7560
7551
7556
7559
7561
7562
7538
7508
7509
7563
7507
7564
7565
7566
7567
7561
7567
7561
7511
7568
7569
7524
7568
7520
7570
7571
7517
7571
7521
7569
7572
7572
7573
7525
7574
7575
7576
7577
7575
7578
7579
7580
7564
7574
7581
7535
7582
7535
7579
7583
7584
7585
7583
7549
7544
7586
7587
7588
7589
7590
7591
7562
7592
7562
7539
7593
7594
7541
7595
7596
7594
7597
7589
7597
7598
7545
7596
7599
7600
7586
7601
7547
7595
7603
7592
7604
7552
7605
7605
7606
7551
7556
7607
7585
7607
7608
7609
7610
7563
7577
7558
7611
7612
7613
7614
7615
7570
7614
7616
7617
7617
7608
7618
7566
7619
7593
7620
7621
7576
7622
7623
7624
7625
7625
7626
7627
7628
7573
7629
7626
7630
7630
7631
7576
7632
7580
7633
7634
7635
7636
7627
7636
7637
7625
7638
7630
7639
7582
7619
7640
7594
7641
7612
7643
7642
7644
7645
7589
7646
7601
7647
7602
7647
7648
7591
7598
7641
7649
7593
7620
7650
7650
7650
7651
7597
7652
7653
7653
7654
7655
7656
7657
7658
7657
7659
7604
7660
7661
7645
7642
7645
7662
7663
7611
7636
7664
7665
7666
7667
7668
7615
7668
7669
7666
7670
7663
7628
7671
7623
7672
7673
7621
7674
7623
7675
7650
7676
7674
7677
7678
7679
7673
7678
7680
7681
7682
7666
7683
7629
7684
7685
7686
7685
7687
7633
7640
7688
7689
7690
7635
7677
7691
7672
7692
7692
7683
7690
7693
7639
7649
7681
7686
7689
7694
7695
7653
7694
7663
7668
7696
7697
7659
7698
7699
7654
7698
7700
7652
7701
7702
7655
7703
7704
7705
7706
7707
7658
7708
7709
7710
7711
7711
7702
7713
7714
7675
7715
7716
7717
7718
7719
7719
7720
7721
7722
7721
7723
7724
7725
7726
7671
7726
7727
7728
7729
7730
7730
7676
7731
7679
7732
7701
7733
7734
7735
7733
7735
7680
7732
7682
7686
7736
7737
7685
7738
7739
7740
7740
7741
7691
7695
7742
7700
7743
7742
7744
7734
7745
7693
7717
7745
7746
7700
7747
7731
7748
7697
7749
7716
7751
7710
7712
7752
7753
7754
7755
7706
7756
7704
7707
7757
7705
7758
7751
7759
7708
7760
7761
7762
7714
7763
7710
7764
7765
7761
7766
7767
7715
7756
7732
7750
7768
7769
7770
7771
7772
7772
7773
7722
7774
7775
7776
7737
7777
7778
7779
7725
7749
7779
7780
7781
7777
7782
7783
7739
7784
7770
7785
7735
7785
7734
7786
7733
7754
7787
7788
7738
7744
7789
7789
7790
7741
7791
7792
7743
7793
7794
7745
7795
7794
7796
7794
7795
7797
7769
7790
7798
7748
7758
7799
7800
7801
7802
7803
7761
7804
7765
7805
7796
7799
7756
7806
7757
7786
7807
7808
7809
7810
7809
7811
7811
7812
7762
7813
7814
7815
7810
7816
7764
7813
7817
7818
7819
7819
7820
7805
7802
7803
7773
7821
7771
7821
7775
7822
7776
7823
7824
7790
7825
7826
7824
7827
7826
7828
7802
7829
7830
7831
7783
7830
7784
7832
7833
7833
7834
7835
7836
7801
7837
7788
7837
7838
7836
7839
7840
7841
7842
7792
7793
7843
7844
7845
7846
7800
7847
7846
7798
7838
7848
7842
7849
7850
7851
7850
7852
7809
7853
7854
7855
7812
7815
7856
7807
7808
7839
7857
7858
7814
7859
7858
7860
7851
7861
7862
7863
7864
7858
7865
7820
7866
7860
7866
7867
7863
7868
7869
7870
7871
7870
7872
7849
7873
7873
7825
7874
7875
7876
7877
7878
7879
7880
7881
7829
7882
7831
7883
7884
7885
7886
7835
7881
7887
7888
7884
7889
7890
7844
7891
7892
7857
7893
7892
7893
7857
7891
7847
7894
7895
7843
7879
7896
7894
7897
7898
7899
7898
7899
7900
7850
7900
7848
7852
7894
7901
7892
7902
7903
7904
7853
7905
7901
7906
7855
7883
7871
7907
7908
7909
7860
7861
7910
7911
7862
7912
7866
7913
7914
7915
7865
7915
7916
7917
7911
7914
7918
7869
7919
7920
7921
7922
7920
7917
7922
7877
7923
7924
7890
7925
7926
7880
7923
7925
7927
7928
7882
7926
7929
7930
7931
7932
7929
7933
7934
7935
7936
7885
7937
7934
7938
7936
7938
7933
7939
7940
7889
7941
7942
7943
7944
7943
7945
7946
7947
7901
7948
7949
7896
7950
7951
7930
7952
7928
7949
7953
7929
7954
7952
7955
7956
7957
7953
7958
7904
7905
7956
7912
7959
7906
7950
7910
7960
7946
7948
7961
7916
7961
7962
7912
7963
7962
7964
7965
7965
7966
7967
7968
7969
7969
7970
7966
7971
7971
7972
7973
7921
7968
7974
7975
7976
7977
7978
7978
7979
7980
7980
7981
7982
7945
7983
7984
7979
7984
7986
7987
7988
7979
7988
7989
7933
7990
7991
7992
7945
7994
7995
7996
7944
7997
7998
7999
8000
8001
7942
7990
8000
8002
8003
8003
8004
8004
8002
7947
7948
7958
8005
7951
8006
8007
8008
7988
8009
8007
8010
7984
8011
7955
7986
8012
8007
8013
8005
8006
8014
8015
8013
8016
7963
8008
8014
7970
8017
7967
8018
7964
8019
7973
8020
8016
8021
8022
7969
8023
7972
8024
8022
8025
8025
8026
8019
8027
8024
8028
7977
8029
8030
8031
8032
8025
8033
8034
7982
8035
7990
8004
7983
7985
8037
8039
8040
8040
8041
8042
8042
7991
8043
8044
8045
8001
8039
8046
7994
8047
7998
7996
8048
7999
8049
8050
8050
8051
8051
8015
8017
8011
8052
8053
8009
8054
8052
8055
8012
8041
8053
8015
8056
8057
8058
8020
8052
8059
8060
8018
8061
8020
8062
8021
8063
8064
8022
8065
8066
8062
8067
8067
8068
8069
8068
8070
8071
8064
8070
8072
8031
8073
8030
8074
8074
8075
8033
8076
8069
8035
8044
8077
8036
8078
8038
8056
8077
8078
8079
8057
8080
8057
8081
8043
8082
8083
8084
8085
8046
8083
8079
8086
8049
8087
8086
8088
8088
8089
8058
8090
8063
8090
8091
8082
8089
8091
8092
8093
8094
8095
8061
8093
8065
8095
8062
8096
8072
8097
8089
8098
8097
8099
8099
8100
8101
8101
8102
8100
8103
8098
8104
8103
8105
8106
8091
8107
8075
8108
8109
8110
8111
8112
8112
8113
8078
8114
8115
8080
8116
8083
8117
8090
8118
8119
8118
8120
8121
8085
8120
8122
8114
8087
8123
8092
8124
8118
8125
8126
8127
8117
8128
8124
8098
8101
8127
8124
8129
8125
8130
8131
8132
8105
8109
8132
8113
8133
8106
8134
8135
8136
8137
8136
8138
8129
8135
8139
8140
8137
8140
8111
8141
8142
8143
8142
8144
8144
8145
8126
8146
8146
8117
8147
8148
8128
8148
8149
8126
8150
8122
8147
8150
8151
8127
8134
8152
8153
8147
8154
8130
8155
8131
8156
8133
8157
8158
8138
8159
8152
8160
8138
8161
8162
8144
8155
8161
8163
8143
8164
8159
8165
8150
8163
8151
8154
8166
8167
8168
8165
8169
8158
8160
8168
8170
8170
8171
8159
8171
8162
8162
8165
8169
8166
8167
8168
8169
8172
8172
)


// ************************************************************************* //
