/*--------------------------------*- C++ -*----------------------------------*\
| =========                 |                                                 |
| \\      /  F ield         | OpenFOAM: The Open Source CFD Toolbox           |
|  \\    /   O peration     | Version:  2412                                  |
|   \\  /    A nd           | Website:  www.openfoam.com                      |
|    \\/     M anipulation  |                                                 |
\*---------------------------------------------------------------------------*/
FoamFile
{
    version     2.0;
    format      ascii;
    arch        "LSB;label=32;scalar=64";
    class       labelList;
    location    "constant/polyMesh";
    object      pointProcAddressing;
}
// * * * * * * * * * * * * * * * * * * * * * * * * * * * * * * * * * * * * * //


2256
(
10
11
12
13
14
15
16
17
18
19
20
21
22
40
41
42
43
44
45
46
47
48
49
50
51
52
53
118
119
120
121
122
123
124
125
126
127
139
140
141
142
143
144
152
154
156
158
172
173
174
175
176
177
187
188
189
190
191
192
193
201
202
203
204
205
206
207
208
209
221
222
223
230
246
247
248
249
250
251
252
253
254
255
256
257
258
297
298
299
300
301
302
303
383
384
385
386
387
388
401
402
403
404
405
406
407
408
409
410
411
412
413
426
447
454
456
457
458
459
460
514
532
533
534
535
545
546
547
548
549
550
551
552
553
554
555
556
557
567
592
593
596
597
598
599
600
655
656
675
676
677
685
686
687
688
689
690
691
692
693
694
695
696
704
708
711
722
727
732
736
738
741
742
795
796
799
804
818
819
820
821
822
823
824
825
826
827
828
829
830
848
854
857
859
861
867
870
871
872
879
922
923
934
943
944
945
946
947
948
949
950
951
952
953
954
955
963
966
970
978
980
982
983
985
991
992
994
999
1040
1041
1061
1062
1063
1064
1065
1066
1067
1068
1069
1070
1071
1072
1080
1082
1084
1086
1090
1096
1100
1103
1104
1111
1150
1154
1160
1167
1172
1173
1174
1175
1176
1177
1178
1179
1180
1181
1182
1188
1189
1190
1193
1194
1200
1202
1207
1208
1209
1211
1212
1254
1256
1259
1267
1279
1280
1281
1282
1283
1284
1285
1286
1287
1292
1294
1297
1299
1300
1302
1306
1311
1312
1313
1318
1320
1359
1362
1366
1371
1376
1379
1380
1381
1382
1383
1384
1385
1386
1389
1390
1393
1394
1398
1402
1403
1405
1407
1408
1413
1418
1452
1453
1454
1461
1466
1471
1472
1474
1475
1476
1477
1478
1479
1480
1481
1482
1484
1485
1486
1488
1489
1490
1491
1492
1493
1494
1495
1496
1498
1499
1500
1501
1502
1503
1504
1505
1506
1507
1508
1509
1510
1511
1513
1514
1515
1516
1524
1525
1527
1529
1531
1532
1534
1535
1536
1537
1538
1539
1540
1541
1542
1543
1544
1545
1546
1547
1549
1550
1552
1553
1554
1555
1556
1557
1558
1559
1560
1561
1562
1563
1564
1565
1566
1567
1568
1569
1570
1571
1572
1573
1574
1575
1576
1577
1578
1579
1580
1581
1582
1583
1584
1585
1586
1587
1588
1589
1590
1591
1592
1593
1594
1595
1596
1597
1598
1599
1600
1601
1602
1603
1604
1605
1606
1607
1608
1609
1610
1611
1612
1613
1614
1615
1616
1617
1618
1619
1620
1621
1622
1623
1624
1625
1626
1627
1628
1629
1630
1631
1632
1633
1634
1635
1636
1637
1638
1639
1640
1641
1642
1643
1644
1645
1646
1647
1648
1649
1650
1651
1652
1653
1654
1655
1656
1657
1658
1659
1660
1661
1662
1663
1664
1665
1666
1667
1668
1669
1670
1671
1672
1673
1674
1675
1676
1677
1678
1679
1680
1681
1682
1683
1684
1685
1686
1687
1688
1689
1690
1691
1692
1693
1694
1695
1696
1697
1698
1699
1700
1701
1702
1703
1704
1705
1706
1707
1708
1709
1710
1711
1712
1713
1714
1715
1716
1717
1718
1719
1720
1721
1722
1723
1724
1725
1726
1727
1728
1729
1730
1731
1732
1733
1734
1735
1736
1737
1738
1739
1740
1741
1742
1743
1744
1745
1746
1747
1748
1749
1750
1751
1752
1753
1754
1755
1756
1757
1758
1759
1760
1761
1762
1763
1764
1765
1766
1767
1768
1769
1770
1771
1772
1773
1774
1775
1776
1777
1778
1779
1780
1781
1782
1783
1784
1785
1786
1787
1788
1789
1790
1791
1792
1793
1794
1795
1796
1797
1798
1799
1800
1801
1802
1803
1804
1805
1806
1807
1808
1809
1810
1811
1812
1813
1814
1815
1816
1817
1818
1819
1820
1821
1822
1823
1824
1825
1826
1827
1828
1829
1830
1831
1832
1833
1834
1835
1836
1837
1838
1839
1840
1841
1842
1843
1844
1845
1846
1847
1848
1849
1850
1851
1852
1853
1854
1855
1856
1857
1858
1859
1860
1861
1862
1863
1864
1865
1866
1867
1868
1869
1870
1871
1872
1873
1874
1875
1876
1877
1878
1879
1880
1881
1882
1883
1884
1885
1886
1887
1888
1889
1890
1891
1892
1893
1894
1895
1896
1897
1898
1899
1900
1901
1902
1903
1904
1905
1906
1907
1908
1909
1910
1911
1912
1913
1914
1915
1916
1917
1918
1919
1920
1921
1922
1923
1924
1925
1926
1927
1928
1929
1930
1931
1932
1933
1934
1935
1936
1937
1938
1939
1940
1941
1942
1943
1944
1945
1946
1947
1948
1949
1950
1951
1952
1953
1954
1955
1956
1957
1958
1959
1960
1961
1962
1963
1964
1965
1966
1967
1968
1969
1970
1971
1972
1973
1974
1975
1976
1977
1978
1979
1980
1981
1982
1983
1984
1985
1986
2008
2009
2020
2021
2022
2024
2027
2028
2029
2030
2031
2032
2033
2034
2035
2036
2037
2039
2040
2041
2042
2046
2117
2118
2119
2135
2164
2165
2166
2167
2222
2223
2241
2242
2243
2278
2281
2308
2309
2310
2311
2325
2354
2357
2383
2384
2385
2386
2399
2426
2427
2472
2473
2505
2506
2511
2564
2565
2566
2567
2605
2606
2608
2646
2647
2648
2671
2672
2673
2698
2704
2709
2710
2711
2712
2713
2714
2715
2716
2717
2718
2719
2722
2724
2725
2726
2727
2731
2732
2739
2740
2742
2743
2744
2745
2746
2747
2748
2749
2750
2751
2752
2753
2754
2755
2756
2757
2758
2759
2761
2762
2763
2764
2765
2766
2767
2768
2769
2770
2771
2772
2773
2774
2775
2776
2777
2778
2779
2780
2784
2785
2786
2787
2788
2789
2790
2791
2793
2794
2795
2796
2797
2798
2799
2803
2804
2805
2806
2807
2808
2809
2810
2811
2812
2814
2815
2816
2817
2818
2819
2820
2821
2827
2828
2829
2830
2831
2832
2836
2837
2838
2839
2840
2841
2842
2843
2844
2845
2846
2847
2848
2849
2850
2852
2853
2854
2855
2856
2857
2858
2859
2860
2866
2867
2868
2869
2870
2871
2872
2873
2875
2876
2877
2878
2879
2880
2881
2882
2883
2884
2888
2889
2890
2891
2892
2893
2894
2895
2896
2897
2898
2902
2903
2904
2905
2906
2907
2908
2910
2911
2912
2913
2914
2915
2916
2917
2918
2919
2920
2921
2922
2923
2924
2925
2926
2927
2928
2929
2930
2933
2934
2935
2936
2937
2938
2942
2943
2944
2947
2948
2949
2950
2951
2952
2953
2954
2955
2956
2957
2958
2959
2960
2961
2962
2963
2964
2966
2967
2968
2969
2970
2971
2972
2976
2977
2978
2979
2980
2981
2982
2983
2984
2985
2986
2987
2988
2989
2990
2991
2992
2996
2997
2998
3001
3002
3003
3004
3005
3006
3007
3008
3013
3014
3015
3016
3017
3022
3023
3024
3025
3026
3027
3028
3029
3033
3034
3035
3036
3037
3038
3039
3040
3041
3042
3043
3044
3045
3046
3048
3049
3050
3052
3053
3056
3057
3058
3059
3061
3062
3063
3064
3067
3069
3070
3071
3072
3073
3074
3075
3076
3077
3078
3079
3080
3081
3082
3083
3084
3085
3087
3088
3089
3090
3094
3095
3096
3099
3100
3101
3102
3103
3104
3105
3106
3107
3108
3109
3111
3112
3113
3114
3115
3117
3119
3120
3121
3122
3123
3124
3125
3126
3127
3128
3129
3130
3131
3132
3135
3136
3137
3138
3139
3140
3188
3189
3190
3192
3193
3194
3196
3197
3201
3204
3206
3208
3211
3212
3213
3215
3216
3217
3220
3223
3225
3228
3229
3231
3232
3233
3234
3235
3236
3237
3238
3239
3240
3242
3244
3245
3247
3248
3250
3251
3255
3256
3257
3259
3261
3262
3263
3264
3265
3266
3268
3270
3271
3272
3273
3274
3276
3277
3278
3279
3281
3311
3312
3314
3316
3317
3318
3320
3324
3325
3328
3329
3332
3353
3354
3355
3356
3357
3358
3359
3360
3361
3362
3363
3364
3365
3366
3367
3368
3369
3370
3371
3377
3397
3401
3402
3403
3404
3406
3407
3408
3409
3410
3411
3412
3413
3414
3415
3416
3417
3418
3419
3420
3421
3423
3424
3425
3426
3427
3428
3430
3432
3512
3514
3527
3596
3599
3600
3601
3602
3603
3604
3605
3606
3607
3608
3609
3625
3626
3627
3628
3629
3630
3631
3632
3633
3634
3635
3636
3637
3638
3640
3642
3643
3645
3646
3647
3648
3649
3650
3651
3652
3653
3656
3657
3658
3659
3660
3661
3663
3664
3665
3667
3668
3669
3694
3695
3696
3697
3699
3700
3702
3704
3706
3707
3709
3710
3711
3712
3713
3714
3735
3736
3737
3738
3739
3740
3741
3742
3743
3744
3745
3746
3747
3748
3749
3750
3751
3754
3755
3756
3757
3758
3759
3760
3761
3762
3764
3786
3787
3811
3812
3816
3817
3818
3819
3828
3829
3832
3839
3840
3841
3842
3843
3845
3846
3847
3848
3849
3850
3882
3883
3884
3885
3886
3890
3894
3925
3926
3927
3928
3930
3931
3932
3934
3938
3939
3942
3944
3945
3946
3950
3951
3952
3953
3954
3956
3958
3962
3963
3964
3966
3992
3993
3994
3998
4044
4051
4052
4062
4063
4064
4068
4072
4073
4074
4075
4077
4079
4083
4086
4090
4091
4093
4096
4097
4098
4099
4101
4102
4106
4107
4108
4109
4110
4112
4115
4116
4117
4120
4122
4124
4125
4126
4127
4128
4129
4130
4131
4132
4133
4134
4135
4136
4137
4138
4139
4140
4141
4142
4143
4144
4145
4146
4147
4148
4149
4150
4151
4152
4153
4154
4160
4161
4162
4163
4164
4165
4166
4167
4168
4169
4170
4172
4173
4246
4272
4273
4275
4321
4322
4323
4324
4325
4326
4327
4328
4329
4338
4356
4357
4358
4435
4436
4437
4438
4439
4440
4441
4442
4443
4444
4445
4446
4447
4448
4449
4450
4451
4456
4457
4458
4459
4460
4469
4470
4471
4476
4479
4480
4481
4482
4484
4485
4486
4589
4591
4592
4593
4594
4600
4601
4602
4605
4611
4612
4613
4614
4642
4643
4644
4645
4646
4647
4683
4684
4686
4687
4688
4689
4690
4691
4692
4693
4694
4695
4696
4698
4699
4700
4703
4704
4705
4706
4707
4708
4729
4805
4806
4868
4869
4870
4871
4872
4874
4875
4877
4899
4903
4904
4905
4906
4907
4908
4909
4914
4915
5004
5009
5010
5011
5015
5017
5018
5019
5023
5024
5025
5027
5028
5029
5070
5071
5072
5073
5074
5075
5077
5078
5079
5106
5107
5117
5118
5119
5120
5123
5154
5155
5156
5157
5158
5159
5160
5161
5172
5173
5174
5175
5176
5177
5298
5299
5300
5301
5302
5303
5308
5309
5310
5311
5314
5320
5321
5322
5326
5329
5404
5408
5409
5410
5411
5412
5413
5414
5418
5422
5426
5427
5428
5429
5430
5431
5434
5437
5438
5440
5446
5447
5448
5449
5450
5451
5455
5456
5462
5611
5612
5613
5615
5616
5617
5618
5619
5686
5687
5690
5691
5692
5693
5694
5695
5800
5801
5802
5804
5805
5817
5859
5863
5864
5865
5866
5867
5868
5869
5870
5871
5950
5956
5957
5958
5959
5960
5961
5962
5963
5964
5965
5966
5967
5968
5969
5970
5971
5972
5973
5976
5978
5979
5980
5981
5982
5983
5984
5985
5986
5987
5988
5989
5991
5995
5996
5999
6000
6001
6002
6003
6004
6005
6006
6007
6008
6009
6010
6011
6012
6013
6014
6015
6016
6017
6018
6019
6020
6021
6022
6023
6024
6025
6026
6027
6028
6029
6030
6031
6032
6033
6034
6035
6036
6037
6038
6039
6040
6041
6042
6043
6044
6045
6048
6049
6050
6051
6052
6053
6054
6055
6056
6057
6058
6059
6060
6061
6063
6064
6065
6066
6067
6068
6069
6070
6071
6072
6073
6074
6075
6078
6083
6085
6086
6087
6088
6089
6090
6091
6092
6093
6094
6095
6096
6097
6098
6099
6100
6101
6102
6103
6104
6105
6106
6107
6108
6109
6110
6111
6112
6113
6114
6116
6117
6118
6119
6120
6121
6122
6123
6124
6125
6126
6127
6131
6134
6135
6137
6138
6139
6140
6141
6143
6144
6145
6146
6147
6148
6149
6150
6151
6152
6153
6154
6155
6156
6162
6163
6164
6165
6166
6167
6168
6169
6170
6171
6172
6173
6174
6175
6176
6177
6178
6179
6182
6184
6185
6186
6187
6188
6189
6190
6191
6192
6193
6194
6195
6196
6197
6198
6199
6203
6208
6211
6212
6213
6214
6215
6216
6217
6218
6219
6220
6221
6222
6223
6224
6225
6226
6227
6228
6229
6230
6231
6232
6233
6234
6236
6237
6238
6239
6240
6241
6242
6243
6244
6245
6246
6247
6248
6249
6250
6251
6252
6253
6254
6255
6256
6257
6258
6259
6260
6261
6262
6263
6268
6269
6271
6272
6273
6274
6275
6276
6277
6278
6279
6283
6292
6293
6294
6295
6297
6298
6299
6300
6301
6302
6303
6304
6305
6306
6307
6308
6309
6310
6311
6312
6313
6314
6315
6316
6317
6318
6319
6320
6322
6323
6324
6325
6326
6327
6328
6329
6330
6335
6336
6345
6346
6348
6349
6350
6351
6352
6353
6354
6355
6356
6357
6358
6359
6360
6361
6371
6372
6373
6374
6375
6376
6383
6384
6392
6400
6401
6402
6403
6404
6405
6409
6411
6413
6415
6416
6417
6418
6419
6420
6421
6422
6423
6424
6425
6426
6428
6429
6430
6431
6432
6433
6434
6435
6436
6437
6439
6440
6441
6442
6443
6444
6445
6446
6447
6448
6449
6450
6451
6452
6453
6454
6458
6463
6464
6465
6466
6467
6479
6482
6483
6486
6487
6488
6489
6490
6491
6493
6494
6495
6496
6497
6498
6500
6501
6502
6503
6505
6506
6507
6508
6510
6519
6543
6561
6573
6594
6597
)


// ************************************************************************* //
