/*--------------------------------*- C++ -*----------------------------------*\
| =========                 |                                                 |
| \\      /  F ield         | OpenFOAM: The Open Source CFD Toolbox           |
|  \\    /   O peration     | Version:  2412                                  |
|   \\  /    A nd           | Website:  www.openfoam.com                      |
|    \\/     M anipulation  |                                                 |
\*---------------------------------------------------------------------------*/
FoamFile
{
    version     2.0;
    format      ascii;
    arch        "LSB;label=32;scalar=64";
    class       labelList;
    location    "constant/polyMesh";
    object      cellProcAddressing;
}
// * * * * * * * * * * * * * * * * * * * * * * * * * * * * * * * * * * * * * //


8173
(
137
138
139
157
176
178
186
187
188
189
193
194
195
218
219
239
240
241
242
245
246
250
251
252
253
254
260
261
262
264
267
290
292
293
294
296
317
318
319
320
321
322
326
327
329
334
335
336
337
338
339
340
347
348
349
350
351
352
353
354
355
356
359
360
383
384
385
390
391
392
393
394
395
414
415
416
417
418
419
420
424
425
426
427
428
431
432
433
434
435
436
437
438
447
448
449
450
451
452
453
454
455
456
457
458
459
462
463
464
465
476
493
495
496
497
499
502
503
504
505
506
507
508
509
529
530
531
532
533
534
535
538
539
540
541
542
543
544
545
546
551
552
554
555
556
557
558
559
560
569
570
571
572
573
574
575
576
577
578
579
580
581
582
584
586
587
592
594
596
597
598
611
612
618
619
623
627
628
629
630
631
633
634
650
654
655
656
657
660
661
662
663
664
665
666
667
668
669
670
671
676
679
681
682
683
684
685
686
689
690
704
705
706
707
708
709
710
711
712
713
714
715
716
717
719
720
721
723
725
726
727
733
736
737
738
739
740
754
755
760
761
762
763
765
766
769
771
772
773
774
777
794
795
796
799
800
803
804
805
806
807
808
810
811
812
813
814
815
830
831
832
833
835
836
837
840
852
857
858
859
860
861
862
863
864
866
867
868
869
870
871
872
873
874
875
877
878
879
885
886
887
888
889
890
899
901
910
911
915
916
917
918
920
922
923
925
927
928
929
930
933
938
953
954
955
956
957
958
962
967
971
972
973
975
979
980
981
982
1006
1007
1011
1026
1027
1033
1034
1035
1036
1037
1038
1039
1040
1042
1045
1046
1047
1048
1049
1050
1051
1052
1053
1054
1055
1056
1057
1058
1059
1060
1061
1066
1067
1068
1069
1070
1071
1074
1080
1082
1083
1091
1092
1095
1096
1097
1098
1099
1101
1102
1103
1104
1105
1106
1107
1109
1110
1112
1118
1119
1120
1121
1137
1138
1139
1152
1153
1154
1158
1159
1162
1163
1164
1165
1166
1167
1194
1197
1220
1221
1222
1223
1228
1230
1231
1232
1235
1236
1237
1238
1240
1242
1243
1244
1245
1246
1247
1248
1249
1250
1251
1252
1253
1254
1255
1257
1258
1259
1260
1261
1262
1263
1265
1267
1268
1269
1274
1275
1284
1285
1288
1289
1290
1291
1292
1293
1295
1296
1297
1298
1299
1301
1302
1303
1304
1314
1315
1316
1317
1318
1319
1338
1339
1340
1359
1363
1364
1365
1366
1400
1428
1429
1430
1431
1432
1433
1437
1438
1441
1443
1445
1446
1447
1450
1452
1453
1454
1455
1456
1457
1458
1459
1460
1461
1462
1463
1464
1466
1467
1468
1469
1470
1471
1474
1476
1477
1478
1479
1484
1485
1486
1495
1496
1497
1498
1499
1500
1501
1502
1503
1504
1505
1507
1509
1510
1511
1521
1522
1523
1524
1525
1526
1527
1528
1533
1549
1550
1578
1580
1581
1650
1651
1652
1653
1654
1655
1656
1657
1659
1660
1661
1666
1671
1673
1674
1677
1678
1679
1680
1681
1682
1683
1684
1685
1686
1687
1688
1689
1690
1691
1692
1693
1694
1695
1697
1699
1700
1701
1702
1703
1708
1709
1719
1720
1721
1722
1723
1724
1725
1726
1727
1731
1732
1733
1740
1741
1742
1743
1744
1745
1746
1747
1751
1764
1798
1800
1801
1872
1873
1874
1875
1876
1877
1878
1879
1880
1881
1882
1883
1885
1886
1895
1898
1901
1902
1903
1904
1905
1906
1907
1909
1910
1911
1912
1913
1914
1916
1917
1918
1919
1920
1922
1923
1924
1925
1926
1927
1928
1929
1930
1932
1933
1934
1941
1943
1945
1946
1947
1948
1949
1954
1961
1962
1963
1964
1965
1966
1967
1968
1970
1971
1972
1974
1976
1977
1993
2032
2112
2113
2114
2115
2116
2117
2118
2119
2120
2121
2124
2136
2137
2140
2143
2144
2145
2146
2147
2149
2150
2151
2152
2156
2157
2158
2159
2160
2161
2162
2163
2164
2165
2166
2167
2169
2170
2171
2179
2180
2181
2183
2184
2185
2186
2193
2200
2201
2203
2204
2205
2207
2209
2213
2214
2216
2222
2232
2234
2331
2342
2349
2350
2351
2352
2353
2354
2355
2356
2357
2360
2378
2382
2384
2385
2386
2387
2389
2390
2391
2396
2397
2400
2401
2402
2403
2404
2405
2406
2407
2408
2409
2410
2412
2414
2415
2422
2423
2424
2427
2428
2440
2441
2444
2445
2446
2447
2448
2450
2454
2457
2458
2460
2461
2465
2466
2480
2481
2587
2588
2590
2601
2602
2610
2611
2612
2613
2614
2615
2616
2618
2619
2620
2623
2648
2649
2650
2654
2655
2656
2661
2663
2665
2666
2667
2668
2669
2670
2671
2672
2673
2674
2675
2676
2677
2678
2679
2686
2687
2688
2689
2690
2691
2694
2704
2705
2710
2711
2714
2715
2719
2721
2723
2724
2725
2727
2728
2733
2734
2753
2754
2755
2864
2865
2866
2867
2868
2869
2870
2879
2881
2882
2883
2891
2892
2893
2894
2895
2896
2900
2901
2902
2905
2921
2923
2926
2929
2930
2931
2932
2933
2943
2944
2945
2946
2947
2948
2949
2950
2951
2952
2953
2954
2955
2960
2961
2963
2964
2965
2966
2967
2968
2969
2979
2985
2988
2989
2996
2997
2998
2999
3001
3002
3003
3006
3022
3023
3026
3027
3135
3136
3137
3138
3139
3141
3142
3143
3149
3154
3156
3157
3158
3159
3168
3169
3176
3177
3178
3204
3205
3206
3207
3220
3221
3222
3224
3225
3226
3227
3228
3229
3230
3231
3234
3235
3236
3237
3238
3239
3240
3241
3242
3243
3248
3261
3262
3269
3270
3271
3272
3273
3274
3277
3278
3279
3280
3281
3284
3291
3304
3305
3306
3308
3309
3421
3422
3423
3424
3425
3427
3428
3429
3430
3434
3436
3440
3442
3443
3444
3445
3455
3456
3457
3464
3465
3489
3490
3491
3504
3508
3509
3510
3511
3512
3513
3514
3516
3519
3520
3521
3522
3523
3524
3525
3526
3527
3530
3547
3548
3549
3556
3557
3558
3560
3564
3565
3566
3567
3568
3571
3575
3579
3581
3596
3598
3599
3600
3602
3710
3711
3712
3713
3714
3715
3716
3718
3719
3720
3721
3722
3727
3728
3732
3733
3734
3735
3736
3751
3758
3781
3782
3799
3800
3802
3803
3806
3808
3809
3810
3811
3812
3813
3814
3815
3816
3818
3820
3837
3839
3843
3844
3845
3848
3851
3852
3853
3854
3856
3860
3861
3866
3867
3868
3870
3885
3886
3887
3888
3979
3980
3981
3982
3983
3984
3985
3986
3987
3988
3989
3990
3991
3992
3993
3998
3999
4000
4005
4007
4008
4009
4010
4027
4034
4074
4076
4077
4080
4082
4083
4084
4085
4086
4087
4088
4089
4090
4093
4094
4097
4112
4115
4119
4120
4121
4122
4126
4128
4129
4130
4131
4132
4134
4138
4139
4142
4144
4145
4146
4147
4163
4164
4165
4166
4167
4244
4245
4246
4247
4248
4249
4250
4251
4252
4253
4254
4255
4256
4257
4258
4263
4264
4265
4270
4272
4273
4274
4280
4291
4295
4331
4334
4336
4337
4338
4339
4340
4341
4342
4343
4344
4353
4371
4372
4374
4375
4376
4377
4382
4383
4384
4386
4391
4394
4395
4396
4398
4399
4400
4414
4420
4421
4422
4486
4487
4489
4490
4491
4492
4493
4494
4495
4496
4497
4498
4499
4502
4503
4504
4505
4512
4513
4514
4521
4576
4578
4579
4580
4581
4582
4583
4584
4585
4586
4587
4588
4589
4596
4614
4615
4616
4617
4618
4619
4620
4625
4627
4628
4629
4633
4634
4639
4640
4641
4643
4644
4660
4661
4668
4669
4670
4671
4672
4727
4728
4729
4731
4732
4733
4734
4735
4736
4737
4738
4739
4740
4741
4742
4745
4746
4747
4748
4749
4757
4758
4759
4765
4826
4827
4828
4829
4830
4831
4832
4835
4837
4838
4839
4840
4864
4867
4868
4869
4870
4871
4872
4879
4880
4881
4886
4889
4890
4891
4892
4893
4894
4895
4896
4911
4912
4921
4922
4923
4924
4978
4979
4981
4983
4984
4985
4986
4987
4988
4989
4990
4991
4992
4997
5000
5001
5002
5015
5017
5075
5077
5078
5079
5080
5081
5082
5087
5088
5089
5114
5115
5116
5117
5118
5119
5120
5127
5128
5132
5133
5134
5136
5138
5139
5140
5141
5142
5143
5144
5164
5165
5167
5173
5174
5175
5225
5226
5227
5228
5229
5230
5231
5232
5233
5236
5241
5244
5245
5246
5247
5259
5260
5316
5318
5319
5321
5322
5323
5324
5325
5326
5332
5357
5359
5360
5361
5362
5363
5364
5372
5374
5376
5377
5378
5379
5381
5382
5383
5384
5385
5386
5387
5388
5389
5410
5411
5412
5414
5418
5422
5423
5424
5425
5472
5473
5474
5475
5476
5477
5478
5479
5484
5487
5488
5490
5491
5492
5503
5507
5508
5566
5567
5569
5570
5571
5572
5573
5574
5575
5576
5582
5606
5607
5609
5610
5611
5614
5615
5616
5624
5625
5626
5627
5628
5629
5630
5631
5632
5633
5634
5635
5636
5655
5656
5657
5659
5662
5663
5668
5711
5712
5715
5717
5718
5719
5726
5727
5730
5732
5733
5738
5747
5752
5803
5804
5805
5806
5808
5809
5810
5811
5812
5813
5814
5818
5837
5840
5841
5845
5846
5854
5857
5858
5859
5860
5861
5862
5863
5864
5865
5866
5867
5868
5869
5870
5891
5893
5894
5896
5898
5903
5904
5938
5939
5942
5945
5946
5947
5954
5956
5959
5960
5961
5981
5986
6037
6038
6039
6040
6041
6042
6043
6044
6045
6046
6047
6050
6069
6070
6074
6075
6076
6080
6081
6088
6089
6091
6092
6093
6094
6095
6096
6097
6098
6099
6100
6101
6102
6114
6127
6129
6130
6131
6132
6133
6134
6137
6170
6171
6175
6179
6180
6195
6197
6210
6214
6218
6275
6276
6277
6278
6279
6280
6281
6282
6283
6284
6286
6288
6304
6305
6307
6315
6322
6323
6325
6326
6327
6328
6329
6330
6331
6332
6333
6334
6335
6336
6337
6349
6350
6365
6367
6368
6369
6370
6371
6372
6374
6375
6376
6377
6401
6402
6405
6409
6410
6421
6422
6423
6424
6445
6450
6508
6509
6510
6511
6512
6513
6514
6515
6516
6517
6518
6519
6520
6521
6522
6543
6544
6557
6558
6559
6560
6561
6562
6563
6564
6565
6566
6567
6568
6569
6571
6572
6573
6574
6585
6586
6587
6601
6602
6603
6604
6605
6606
6608
6609
6610
6611
6612
6613
6635
6636
6637
6643
6656
6657
6677
6680
6684
6685
6745
6746
6747
6749
6750
6751
6752
6753
6754
6755
6758
6780
6792
6793
6794
6795
6797
6798
6799
6800
6801
6802
6803
6804
6805
6808
6825
6826
6827
6828
6842
6843
6844
6845
6846
6847
6848
6849
6850
6851
6852
6853
6854
6855
6875
6876
6891
6892
6894
6913
6916
6919
6920
6983
6984
6985
6986
6987
6988
6989
6990
6991
6992
6993
6994
7033
7034
7035
7036
7037
7038
7039
7040
7041
7042
7043
7044
7045
7047
7065
7066
7067
7068
7083
7084
7085
7086
7087
7088
7089
7090
7091
7092
7093
7096
7097
7098
7099
7118
7119
7121
7133
7135
7136
7155
7158
7161
7215
7216
7217
7219
7220
7221
7222
7223
7224
7225
7226
7227
7263
7264
7265
7266
7267
7268
7269
7270
7271
7272
7274
7279
7281
7289
7290
7296
7297
7298
7312
7313
7314
7315
7316
7317
7318
7319
7320
7321
7322
7323
7324
7330
7332
7333
7365
7366
7380
7382
7386
7435
7436
7437
7439
7440
7441
7443
7444
7445
7446
7447
7479
7480
7481
7482
7483
7484
7485
7486
7487
7488
7489
7493
7497
7498
7499
7500
7505
7510
7518
7519
7520
7535
7536
7537
7538
7539
7540
7541
7542
7543
7544
7545
7546
7547
7557
7593
7594
7595
7598
7610
7611
7613
7614
7615
7666
7667
7668
7670
7671
7672
7674
7675
7676
7677
7679
7717
7718
7719
7720
7721
7722
7723
7724
7725
7726
7734
7735
7736
7737
7741
7742
7746
7748
7758
7759
7773
7774
7777
7778
7779
7780
7781
7782
7783
7784
7786
7787
7788
7796
7831
7832
7833
7834
7849
7850
7851
7852
7853
7854
7856
7857
7893
7903
7905
7907
7908
7909
7911
7912
7914
7948
7949
7950
7951
7952
7953
7954
7955
7956
7957
7965
7966
7967
7969
7970
7974
7977
7986
7987
8004
8005
8008
8010
8011
8012
8014
8015
8016
8019
8020
8021
8024
8029
8058
8059
8060
8061
8078
8079
8080
8081
8082
8083
8084
8088
8089
8133
8137
8138
8139
8143
8144
8146
8179
8180
8181
8182
8183
8184
8185
8186
8187
8194
8195
8197
8198
8201
8202
8205
8209
8217
8236
8237
8238
8242
8243
8245
8246
8247
8249
8252
8255
8256
8257
8258
8267
8268
8269
8296
8297
8298
8299
8301
8303
8314
8316
8317
8318
8319
8320
8321
8322
8327
8328
8329
8372
8373
8374
8379
8380
8383
8418
8419
8420
8421
8422
8423
8424
8425
8431
8432
8433
8435
8436
8439
8440
8441
8443
8447
8448
8457
8477
8478
8479
8483
8484
8486
8487
8488
8489
8491
8494
8498
8499
8500
8509
8510
8511
8536
8537
8539
8554
8555
8556
8557
8558
8559
8560
8563
8567
8568
8569
8570
8598
8612
8613
8619
8620
8623
8656
8657
8659
8660
8665
8666
8669
8670
8673
8674
8675
8676
8677
8678
8680
8681
8682
8683
8710
8714
8717
8718
8719
8723
8724
8725
8727
8728
8729
8730
8731
8735
8736
8740
8741
8747
8748
8749
8750
8756
8757
8784
8785
8786
8787
8801
8803
8805
8806
8807
8808
8809
8812
8813
8818
8819
8820
8821
8822
8823
8861
8863
8869
8870
8872
8907
8908
8909
8915
8916
8919
8920
8922
8924
8926
8928
8929
8930
8931
8932
8933
8960
8961
8966
8967
8969
8970
8974
8975
8976
8977
8978
8983
8984
8985
8986
8988
8993
8994
9003
9005
9006
9008
9033
9034
9035
9036
9050
9051
9053
9054
9056
9057
9058
9059
9060
9064
9065
9068
9069
9070
9071
9072
9073
9074
9075
9119
9120
9153
9154
9159
9160
9163
9164
9165
9166
9167
9169
9170
9171
9172
9198
9199
9200
9205
9206
9208
9209
9213
9214
9215
9216
9217
9222
9223
9225
9228
9233
9242
9243
9245
9246
9247
9268
9269
9270
9271
9272
9283
9285
9287
9289
9290
9294
9296
9297
9298
9303
9304
9305
9306
9307
9311
9312
9313
9314
9315
9316
9317
9318
9319
9353
9362
9363
9364
9391
9395
9397
9399
9400
9401
9402
9403
9404
9405
9406
9407
9438
9439
9440
9446
9447
9448
9450
9453
9454
9455
9456
9460
9461
9463
9464
9475
9485
9487
9488
9507
9508
9509
9510
9522
9524
9526
9529
9530
9533
9534
9535
9536
9537
9542
9543
9544
9545
9546
9548
9549
9550
9551
9552
9553
9554
9555
9556
9593
9595
9605
9606
9636
9639
9640
9641
9642
9643
9644
9645
9646
9647
9681
9683
9684
9691
9692
9697
9698
9700
9701
9704
9705
9707
9713
9729
9731
9744
9745
9755
9757
9758
9762
9764
9767
9769
9771
9772
9773
9774
9775
9779
9780
9781
9782
9783
9784
9785
9787
9788
9789
9790
9791
9792
9793
9794
9847
9848
9849
9877
9879
9880
9881
9882
9883
9884
9885
9886
9887
9888
9918
9919
9920
9922
9923
9924
9933
9934
9935
9939
9940
9942
9943
9944
9947
9948
9973
9975
9994
9996
9997
10001
10003
10006
10007
10008
10009
10010
10011
10012
10013
10014
10015
10016
10018
10020
10021
10022
10023
10024
10025
10026
10027
10028
10029
10030
10031
10032
10033
10086
10087
10088
10112
10113
10114
10115
10116
10117
10118
10119
10120
10122
10123
10133
10152
10155
10156
10157
10159
10160
10161
10172
10173
10174
10178
10179
10180
10182
10185
10215
10216
10235
10237
10238
10241
10244
10247
10248
10249
10250
10251
10252
10253
10256
10258
10259
10260
10261
10262
10263
10264
10265
10266
10267
10268
10269
10320
10344
10345
10346
10347
10348
10349
10359
10374
10375
10378
10379
10380
10381
10382
10384
10385
10386
10396
10398
10402
10403
10404
10406
10409
10412
10443
10462
10463
10465
10474
10478
10479
10480
10481
10482
10483
10484
10485
10488
10489
10490
10491
10492
10493
10494
10495
10496
10497
10498
10571
10572
10573
10574
10575
10576
10577
10587
10588
10601
10602
10606
10607
10608
10609
10610
10611
10612
10613
10614
10615
10616
10617
10626
10627
10629
10630
10631
10637
10642
10675
10676
10693
10700
10701
10703
10704
10712
10718
10719
10720
10721
10722
10723
10724
10725
10726
10727
10730
10731
10732
10733
10734
10735
10736
10737
10738
10739
10740
10742
10744
10811
10812
10813
10821
10822
10836
10837
10838
10841
10843
10844
10845
10846
10847
10848
10850
10851
10852
10853
10854
10855
10867
10869
10870
10872
10877
10883
10928
10929
10935
10936
10937
10940
10941
10943
10945
10958
10961
10962
10963
10964
10965
10966
10967
10970
10971
10972
10973
10974
10975
10976
10977
10978
10980
10981
10982
11047
11048
11049
11055
11068
11069
11070
11071
11074
11075
11076
11077
11078
11079
11080
11081
11082
11083
11084
11085
11086
11087
11088
11089
11101
11102
11104
11105
11107
11111
11163
11164
11170
11172
11173
11175
11177
11182
11196
11197
11198
11199
11201
11202
11203
11206
11207
11208
11209
11210
11211
11212
11216
11217
11279
11280
11281
11288
11301
11302
11303
11304
11307
11308
11309
11310
11311
11312
11313
11314
11316
11317
11318
11319
11320
11321
11331
11334
11335
11336
11339
11393
11394
11403
11404
11405
11407
11408
11409
11411
11415
11426
11427
11428
11429
11430
11431
11432
11433
11434
11435
11436
11437
11440
11441
11442
11443
11444
11445
11446
11449
11450
11511
11517
11529
11530
11531
11532
11533
11536
11537
11538
11539
11540
11541
11542
11543
11544
11545
11546
11548
11549
11550
11552
11553
11554
11568
11569
11628
11636
11637
11640
11641
11642
11643
11644
11645
11649
11660
11661
11662
11663
11664
11665
11666
11667
11668
11669
11670
11671
11674
11675
11676
11677
11678
11679
11680
11683
11739
11745
11759
11760
11761
11762
11765
11766
11767
11768
11769
11770
11771
11772
11773
11775
11776
11777
11778
11779
11780
11782
11783
11784
11787
11863
11874
11875
11877
11878
11879
11880
11881
11882
11883
11899
11900
11901
11902
11903
11904
11905
11906
11907
11908
11909
11911
11915
11916
11917
11918
11919
11920
11923
11979
11986
12000
12001
12002
12003
12006
12008
12009
12010
12011
12012
12013
12014
12015
12017
12018
12019
12020
12021
12022
12023
12024
12025
12026
12027
12028
12029
12033
12040
12111
12122
12124
12126
12127
12128
12129
12130
12131
12132
12133
12134
12152
12153
12154
12155
12156
12157
12158
12159
12160
12161
12168
12169
12170
12171
12226
12233
12248
12249
12250
12254
12255
12256
12257
12258
12260
12261
12262
12266
12267
12268
12269
12270
12271
12272
12273
12274
12275
12276
12277
12279
12280
12281
12286
12294
12295
12360
12362
12377
12378
12379
12380
12382
12383
12384
12385
12386
12387
12388
12405
12406
12407
12408
12409
12410
12411
12412
12413
12414
12415
12416
12417
12418
12423
12425
12427
12481
12503
12505
12510
12511
12512
12513
12514
12516
12517
12519
12520
12521
12522
12523
12524
12528
12529
12530
12531
12532
12533
12534
12537
12538
12539
12540
12541
12544
12545
12546
12551
12552
12556
12564
12626
12640
12645
12646
12647
12648
12649
12650
12652
12653
12654
12672
12673
12674
12675
12676
12677
12678
12679
12680
12681
12687
12741
12762
12764
12765
12771
12772
12773
12774
12775
12776
12777
12778
12779
12781
12782
12783
12784
12789
12790
12791
12792
12793
12794
12795
12796
12797
12800
12801
12802
12803
12804
12805
12806
12812
12813
12825
12882
12894
12895
12896
12900
12901
12902
12903
12904
12905
12907
12908
12909
12927
12928
12930
12931
12932
12933
12934
12937
12990
13010
13011
13013
13020
13021
13022
13023
13024
13025
13026
13027
13028
13029
13031
13032
13033
13034
13035
13042
13044
13045
13046
13047
13048
13049
13050
13053
13054
13055
13056
13057
13065
13071
13079
13133
13135
13150
13151
13152
13153
13156
13160
13161
13162
13163
13164
13165
13184
13187
13188
13189
13190
13192
13239
13259
13268
13269
13270
13271
13272
13273
13274
13275
13278
13279
13280
13290
13291
13292
13293
13294
13295
13296
13297
13299
13300
13301
13302
13310
13311
13316
13317
13375
13378
13391
13392
13393
13394
13398
13399
13401
13402
13403
13404
13405
13424
13425
13426
13429
13430
13431
13432
13475
13501
13502
13503
13504
13505
13506
13507
13508
13509
13510
13511
13512
13521
13522
13523
13524
13526
13527
13529
13530
13537
13538
13539
13540
13544
13546
13547
13548
13607
13608
13609
13610
13611
13625
13626
13627
13628
13629
13633
13635
13636
13637
13638
13639
13655
13657
13658
13661
13662
13663
13664
13701
13722
13725
13726
13727
13728
13729
13730
13731
13732
13733
13734
13736
13744
13745
13746
13748
13749
13750
13751
13752
13753
13759
13760
13761
13762
13763
13764
13768
13770
13771
13772
13828
13830
13832
13833
13848
13851
13852
13853
13854
13855
13858
13860
13861
13863
13882
13884
13885
13886
13919
13949
13950
13951
13952
13953
13955
13956
13958
13969
13970
13971
13974
13977
13978
13982
13984
13985
13986
13987
13989
13994
13997
13998
13999
14000
14053
14054
14055
14056
14057
14058
14059
14060
14076
14078
14079
14080
14082
14083
14084
14085
14086
14088
14089
14103
14104
14105
14107
14108
14109
14142
14143
14174
14177
14178
14179
14180
14181
14182
14183
14184
14185
14197
14198
14199
14205
14206
14207
14209
14211
14212
14213
14214
14215
14216
14217
14221
14224
14225
14226
14228
14274
14278
14279
14280
14281
14282
14283
14284
14301
14303
14304
14305
14306
14307
14308
14309
14311
14312
14313
14314
14315
14316
14330
14331
14334
14335
14366
14399
14401
14402
14403
14404
14405
14417
14419
14420
14424
14426
14427
14428
14431
14432
14433
14434
14436
14437
14438
14439
14444
14445
14448
14497
14498
14499
14500
14501
14502
14503
14504
14523
14524
14525
14528
14529
14530
14532
14533
14534
14535
14536
14537
14538
14550
14555
14556
14557
14587
14588
14628
14629
14642
14644
14646
14649
14650
14651
14653
14654
14655
14656
14657
14658
14659
14660
14661
14662
14663
14667
14669
14670
14674
14675
14718
14719
14720
14721
14722
14723
14724
14725
14726
14727
14740
14745
14746
14747
14748
14750
14751
14753
14754
14755
14756
14757
14758
14759
14760
14773
14775
14776
14806
14807
14810
14847
14849
14850
14863
14870
14871
14873
14874
14875
14876
14877
14878
14879
14880
14881
14882
14889
14890
14891
14896
14897
14943
14944
14945
14946
14947
14948
14949
14950
14951
14963
14968
14969
14970
14971
14972
14974
14975
14976
14979
14980
14982
14983
14984
14997
14998
14999
15028
15029
15068
15089
15090
15092
15093
15094
15097
15098
15099
15100
15101
15102
15103
15104
15105
15110
15113
15114
15115
15116
15118
15122
15123
15170
15171
15172
15173
15174
15175
15176
15177
15179
15192
15193
15194
15196
15198
15199
15200
15201
15202
15204
15205
15206
15209
15210
15212
15213
15224
15225
15227
15253
15275
15311
15312
15315
15316
15317
15318
15321
15322
15323
15324
15325
15326
15327
15328
15329
15330
15332
15333
15338
15339
15341
15342
15343
15345
15349
15350
15351
15399
15400
15402
15403
15404
15405
15407
15422
15423
15425
15426
15428
15429
15430
15431
15432
15433
15435
15436
15437
15438
15440
15441
15443
15444
15453
15454
15455
15456
15457
15483
15502
15531
15533
15537
15538
15539
15544
15545
15546
15547
15548
15549
15550
15551
15552
15554
15561
15562
15564
15565
15566
15567
15569
15570
15575
15576
15577
15625
15628
15629
15630
15631
15632
15633
15634
15653
15655
15657
15658
15659
15660
15661
15662
15665
15666
15667
15668
15669
15671
15681
15682
15683
15684
15707
15708
15722
15724
15754
15756
15757
15760
15764
15766
15767
15768
15769
15770
15771
15772
15773
15774
15775
15776
15787
15788
15789
15790
15791
15792
15795
15799
15800
15801
15802
15852
15856
15857
15858
15859
15860
15861
15862
15868
15884
15886
15887
15888
15889
15890
15891
15892
15894
15895
15896
15906
15907
15909
15910
15928
15929
15945
15975
15979
15983
15984
15985
15986
15988
15989
15990
15991
15993
15994
15995
16005
16006
16007
16008
16009
16010
16011
16014
16015
16019
16020
16021
16022
16023
16077
16083
16084
16085
16086
16087
16107
16109
16111
16112
16113
16114
16115
16116
16117
16119
16120
16127
16128
16130
16132
16152
16166
16167
16199
16202
16203
16206
16207
16208
16209
16210
16213
16214
16216
16217
16221
16226
16229
16230
16231
16232
16233
16234
16235
16236
16239
16240
16245
16246
16247
16250
16309
16312
16314
16315
16316
16317
16318
16324
16336
16337
16339
16340
16343
16344
16346
16353
16355
16357
16369
16370
16408
16411
16414
16415
16416
16420
16421
16422
16432
16435
16436
16437
16438
16439
16441
16442
16443
16444
16445
16446
16449
16450
16452
16456
16458
16529
16530
16531
16532
16533
16534
16535
16536
16537
16543
16544
16557
16559
16560
16561
16562
16563
16564
16572
16575
16576
16625
16626
16627
16629
16633
16634
16635
16636
16637
16647
16651
16652
16653
16654
16655
16656
16658
16659
16660
16661
16662
16664
16667
16668
16669
16671
16674
16745
16746
16747
16748
16749
16750
16751
16752
16754
16755
16756
16757
16758
16763
16778
16780
16781
16782
16784
16785
16792
16831
16832
16833
16841
16843
16844
16845
16853
16857
16858
16859
16860
16861
16862
16865
16866
16867
16869
16870
16873
16876
16877
16878
16880
16882
16884
16957
16958
16959
16960
16961
16962
16963
16965
16966
16967
16968
16969
16975
16992
16993
16996
16998
16999
17006
17050
17051
17053
17058
17060
17061
17062
17070
17071
17075
17076
17079
17080
17081
17082
17086
17087
17088
17090
17091
17095
17096
17099
17100
17101
17104
17108
17178
17179
17180
17181
17183
17185
17186
17188
17189
17190
17192
17199
17200
17220
17221
17224
17226
17227
17228
17233
17279
17284
17285
17286
17287
17288
17293
17294
17298
17300
17301
17305
17306
17307
17308
17312
17313
17314
17315
17317
17318
17321
17323
17324
17327
17328
17329
17331
17333
17335
17401
17402
17403
17404
17405
17407
17408
17411
17412
17414
17415
17419
17420
17427
17428
17446
17447
17448
17452
17454
17505
17507
17512
17513
17514
17515
17516
17517
17521
17522
17528
17530
17531
17536
17537
17538
17542
17543
17544
17545
17546
17547
17548
17551
17552
17558
17559
17560
17561
17564
17565
17566
17567
17571
17572
17640
17641
17642
17643
17646
17647
17648
17649
17652
17653
17654
17656
17662
17663
17669
17670
17671
17672
17688
17689
17693
17744
17745
17746
17747
17748
17749
17752
17753
17761
17762
17763
17764
17768
17769
17771
17772
17773
17774
17775
17776
17777
17779
17780
17789
17790
17791
17792
17794
17795
17796
17797
17875
17876
17878
17879
17880
17881
17883
17884
17885
17886
17889
17890
17892
17893
17900
17901
17908
17909
17910
17911
17912
17930
17985
17986
17987
17988
17989
17990
17991
17992
17999
18000
18001
18002
18008
18011
18012
18013
18014
18015
18016
18019
18020
18030
18031
18032
18033
18034
18035
18036
18042
18114
18116
18117
18118
18119
18120
18121
18124
18125
18126
18127
18129
18130
18132
18141
18149
18151
18152
18153
18219
18220
18221
18222
18223
18224
18225
18232
18234
18236
18237
18239
18243
18244
18247
18248
18249
18250
18251
18254
18255
18264
18265
18266
18267
18268
18269
18271
18272
18349
18351
18352
18353
18354
18355
18356
18360
18361
18362
18364
18365
18366
18368
18380
18390
18391
18392
18393
18394
18395
18453
18455
18456
18457
18458
18459
18460
18461
18469
18472
18476
18477
18479
18480
18481
18482
18483
18484
18485
18488
18489
18493
18499
18501
18502
18503
18504
18505
18506
18508
18511
18512
18517
18584
18586
18587
18588
18589
18590
18595
18596
18597
18598
18601
18602
18603
18604
18617
18627
18628
18629
18630
18632
18633
18645
18688
18689
18690
18691
18692
18693
18701
18702
18703
18705
18708
18709
18713
18714
18715
18716
18717
18718
18719
18720
18723
18736
18737
18738
18739
18740
18741
18742
18743
18744
18745
18746
18748
18750
18755
18756
18760
18769
18830
18832
18833
18834
18835
18839
18840
18841
18842
18843
18846
18847
18848
18862
18863
18874
18875
18876
18877
18878
18879
18880
18881
18892
18929
18930
18931
18932
18933
18934
18941
18942
18944
18947
18951
18952
18953
18954
18955
18956
18957
18958
18959
18973
18974
18975
18976
18977
18978
18979
18980
18981
18982
18983
18987
18994
18995
18999
19076
19077
19078
19079
19080
19081
19082
19086
19087
19088
19090
19091
19092
19093
19094
19110
19111
19123
19124
19125
19126
19127
19128
19129
19130
19131
19132
19133
19175
19176
19178
19179
19187
19195
19196
19197
19198
19199
19200
19201
19202
19203
19218
19219
19220
19221
19222
19223
19224
19225
19226
19227
19228
19229
19230
19231
19232
19236
19238
19244
19248
19321
19322
19323
19324
19326
19329
19330
19331
19333
19334
19335
19336
19337
19353
19354
19355
19360
19369
19370
19371
19372
19373
19374
19375
19377
19413
19416
19417
19434
19435
19436
19437
19438
19440
19441
19442
19443
19448
19459
19461
19462
19463
19464
19465
19466
19467
19468
19469
19470
19472
19475
19476
19477
19478
19481
19483
19489
19490
19492
19493
19564
19565
19567
19569
19573
19574
19575
19578
19579
19594
19595
19596
19599
19602
19609
19610
19611
19612
19613
19614
19615
19616
19617
19618
19619
19656
19657
19665
19674
19675
19676
19677
19678
19679
19681
19683
19698
19700
19701
19702
19703
19704
19705
19706
19707
19708
19709
19711
19714
19715
19720
19726
19727
19730
19731
19801
19802
19803
19808
19809
19810
19811
19814
19815
19831
19832
19833
19836
19838
19840
19846
19847
19848
19849
19850
19851
19852
19853
19854
19855
19871
19890
19891
19898
19908
19909
19910
19911
19914
19916
19935
19936
19937
19938
19939
19940
19941
19942
19943
19944
19947
19951
19952
19956
19960
19963
19964
19966
19967
20035
20036
20040
20042
20043
20044
20045
20049
20062
20063
20064
20066
20067
20068
20069
20076
20077
20078
20079
20080
20081
20082
20083
20095
20096
20101
20102
20115
20116
20130
20132
20133
20134
20135
20136
20139
20158
20160
20163
20164
20165
20166
20167
20168
20169
20170
20172
20173
20175
20181
20182
20183
20187
20193
20195
20196
20198
20199
20261
20262
20269
20270
20271
20272
20273
20276
20277
20292
20293
20295
20296
20304
20305
20306
20307
20308
20309
20322
20323
20327
20329
20343
20344
20348
20358
20360
20361
20362
20363
20364
20385
20387
20388
20390
20391
20392
20393
20394
20395
20396
20397
20398
20399
20401
20408
20409
20410
20411
20414
20415
20424
20425
20427
20428
20429
20487
20488
20495
20496
20497
20498
20499
20504
20522
20523
20524
20525
20526
20537
20538
20539
20540
20541
20551
20552
20553
20555
20556
20558
20572
20575
20585
20586
20587
20588
20589
20609
20610
20613
20614
20615
20618
20619
20620
20621
20622
20625
20626
20635
20637
20640
20650
20651
20653
20654
20655
20713
20714
20719
20723
20724
20725
20726
20727
20733
20734
20752
20753
20754
20755
20756
20758
20764
20768
20769
20770
20771
20772
20784
20785
20787
20788
20789
20799
20811
20812
20813
20833
20835
20836
20837
20840
20841
20842
20844
20846
20847
20848
20849
20850
20851
20855
20856
20865
20866
20868
20874
20878
20880
20881
20883
20884
20885
20938
20946
20947
20948
20949
20950
20951
20956
20957
20958
20979
20980
20981
20982
20983
20991
20995
20996
20997
20998
20999
21001
21013
21016
21017
21018
21019
21020
21031
21033
21035
21036
21069
21070
21071
21072
21073
21074
21075
21076
21078
21079
21080
21082
21084
21085
21086
21087
21088
21089
21094
21095
21103
21104
21106
21117
21120
21121
21122
21124
21125
21126
21181
21182
21183
21184
21185
21186
21187
21193
21194
21195
21214
21215
21216
21217
21218
21220
21229
21231
21233
21234
21235
21236
21239
21251
21252
21253
21254
21255
21256
21257
21258
21269
21270
21307
21308
21309
21310
21311
21312
21313
21314
21315
21317
21318
21319
21322
21323
21327
21328
21329
21335
21342
21343
21346
21355
21361
21362
21363
21365
21366
21367
21407
21416
21417
21418
21419
21420
21421
21428
21429
21445
21446
21447
21448
21449
21451
21460
21461
21462
21464
21465
21466
21467
21470
21482
21483
21484
21485
21486
21487
21488
21489
21532
21537
21538
21539
21540
21541
21542
21543
21544
21548
21549
21550
21551
21554
21555
21556
21557
21561
21569
21576
21579
21587
21591
21593
21594
21595
21598
21637
21646
21647
21648
21649
21650
21651
21659
21660
21676
21677
21678
21679
21681
21682
21683
21692
21693
21694
21696
21697
21698
21701
21702
21703
21704
21707
21718
21719
21720
21721
21722
21723
21724
21725
21726
21766
21770
21771
21772
21773
21774
21775
21776
21777
21778
21779
21781
21783
21784
21785
21786
21787
21790
21791
21792
21793
21796
21797
21798
21811
21814
21827
21828
21829
21830
21867
21872
21882
21883
21884
21885
21886
21894
21911
21912
21913
21914
21917
21918
21919
21926
21927
21928
21931
21932
21936
21937
21938
21942
21950
21951
21952
21953
21954
21955
21956
21957
21958
22002
22003
22006
22007
22008
22009
22010
22011
22012
22013
22014
22015
22017
22019
22020
22021
22022
22023
22024
22025
22028
22029
22030
22031
22032
22033
22037
22049
22067
22068
22069
22070
22073
22104
22105
22120
22121
22122
22123
22124
22151
22152
22153
22154
22157
22161
22162
22163
22164
22165
22166
22167
22171
22172
22173
22177
22186
22187
22188
22189
22190
22191
22192
22193
22235
22239
22241
22243
22244
22245
22246
22247
22248
22249
22252
22254
22255
22256
22257
22258
22259
22260
22263
22264
22265
22267
22268
22269
22270
22271
22276
22288
22306
22307
22308
22310
22344
22346
22358
22359
22360
22361
22362
22372
22389
22390
22391
22393
22397
22398
22399
22401
22402
22405
22406
22407
22411
22418
22419
22420
22421
22422
22423
22425
22426
22470
22472
22475
22477
22478
22479
22480
22481
22482
22483
22484
22485
22486
22487
22488
22493
22494
22495
22496
22497
22499
22500
22501
22504
22505
22506
22507
22508
22511
22512
22513
22514
22515
22520
22550
22551
22552
22591
22592
22594
22607
22608
22609
22610
22611
22620
22637
22638
22639
22642
22643
22644
22645
22647
22648
22649
22650
22654
22659
22660
22661
22662
22663
22665
22666
22668
22716
22717
22720
22721
22722
22723
22724
22726
22727
22728
22729
22730
22731
22732
22734
22739
22740
22744
22745
22746
22747
22750
22751
22752
22753
22754
22755
22758
22759
22760
22761
22762
22763
22794
22795
22796
22798
22834
22835
22836
22838
22839
22852
22853
22855
22864
22883
22885
22887
22888
22889
22890
22891
22893
22894
22895
22896
22900
22904
22905
22906
22907
22908
22910
22911
22913
22950
22960
22963
22964
22966
22968
22969
22970
22971
22972
22973
22974
22975
22976
22977
22984
22988
22989
22990
22992
22996
22997
22998
22999
23000
23002
23003
23008
23009
23010
23011
23012
23013
23014
23040
23041
23042
23043
23075
23076
23077
23079
23094
23095
23102
23124
23125
23127
23128
23129
23130
23131
23132
23134
23135
23136
23137
23145
23146
23147
23148
23149
23151
23152
23154
23187
23192
23202
23204
23205
23208
23209
23210
23211
23212
23213
23214
23215
23216
23217
23225
23227
23228
23230
23232
23237
23238
23239
23240
23243
23248
23249
23250
23251
23252
23275
23276
23277
23306
23307
23308
23310
23311
23329
23356
23357
23358
23359
23360
23361
23362
23363
23364
23365
23366
23367
23368
23369
23370
23377
23378
23379
23380
23381
23382
23385
23420
23421
23423
23435
23437
23440
23441
23442
23443
23444
23445
23447
23448
23458
23459
23460
23462
23465
23470
23471
23472
23473
23474
23478
23484
23485
23486
23487
23507
23508
23509
23533
23535
23537
23538
23539
23558
23563
23580
23581
23582
23583
23584
23585
23586
23588
23589
23590
23597
23598
23599
23600
23601
23602
23605
23607
23645
23647
23660
23662
23664
23665
23666
23667
23668
23669
23670
23671
23672
23673
23674
23675
23685
23686
23688
23689
23692
23696
23700
23701
23702
23703
23708
23713
23715
23716
23717
23718
23738
23739
23740
23757
23759
23761
23762
23763
23802
23803
23805
23806
23807
23808
23809
23811
23812
23820
23821
23822
23823
23824
23825
23826
23830
23833
23868
23870
23872
23885
23889
23891
23892
23893
23894
23895
23896
23897
23898
23899
23900
23901
23902
23903
23904
23905
23914
23915
23917
23918
23919
23924
23927
23930
23933
23934
23935
23941
23949
23950
23968
23969
23970
23983
23984
23986
23989
23990
24028
24029
24031
24032
24034
24035
24043
24044
24045
24046
24047
24048
24049
24053
24054
24056
24094
24095
24097
24111
24112
24114
24115
24116
24117
24118
24119
24120
24121
24122
24123
24124
24132
24133
24134
24136
24137
24138
24143
24146
24152
24153
24154
24164
24165
24180
24181
24182
24195
24196
24200
24203
24238
24239
24240
24241
24242
24243
24244
24246
24254
24255
24256
24257
24258
24259
24260
24261
24262
24265
24267
24268
24308
24309
24310
24325
24327
24328
24331
24332
24333
24334
24335
24336
24337
24338
24339
24340
24341
24342
24343
24344
24349
24351
24352
24354
24356
24357
24359
24366
24370
24372
24375
24376
24377
24385
24386
24398
24399
24411
24412
24417
24418
24421
24461
24462
24463
24464
24465
24466
24467
24468
24479
24480
24481
24482
24483
24484
24485
24486
24487
24493
24494
24495
24532
24547
24549
24550
24551
24553
24554
24555
24556
24557
24558
24559
24560
24561
24562
24563
24564
24565
24571
24572
24573
24574
24575
24577
24578
24582
24583
24584
24587
24596
24597
24601
24602
24609
24620
24621
24630
24634
24635
24638
24639
24641
24649
24678
24679
24680
24695
24696
24697
24698
24699
24700
24701
24707
24708
24709
24750
24765
24767
24768
24769
24770
24772
24774
24775
24776
24777
24778
24779
24780
24781
24782
24791
24792
24793
24794
24795
24797
24798
24802
24803
24804
24805
24806
24816
24818
24820
24821
24822
24839
24840
24848
24849
24851
24852
24854
24855
24856
24857
24896
24897
24898
24914
24915
24916
24917
24918
24919
24920
24921
24922
24926
24928
24973
24989
24992
24993
24994
24995
24996
24998
25000
25001
25002
25004
25005
25006
25007
25008
25009
25010
25016
25017
25018
25020
25021
25022
25025
25026
25030
25031
25032
25033
25034
25035
25044
25045
25047
25048
25057
25064
25065
25072
25075
25076
25079
25080
25117
25131
25132
25133
25134
25135
25136
25137
25138
25139
25140
25144
25146
25194
25195
25208
25213
25214
25215
25216
25217
25218
25221
25223
25224
25226
25227
25228
25229
25230
25231
25232
25238
25239
25241
25242
25245
25246
25247
25249
25250
25251
25252
25255
25257
25258
25259
25260
25269
25270
25279
25280
25288
25289
25290
25297
25300
25301
25302
25304
25344
25350
25351
25352
25353
25354
25355
25357
25358
25363
25366
25413
25414
25433
25434
25435
25436
25437
25438
25442
25444
25445
25446
25447
25448
25452
25455
25456
25457
25461
25462
25463
25465
25467
25468
25472
25474
25475
25484
25485
25494
25495
25504
25505
25506
25514
25515
25517
25559
25560
25561
25562
25563
25564
25565
25566
25567
25568
25569
25570
25574
25577
25612
25623
25625
25643
25644
25645
25646
25647
25652
25653
25654
25655
25659
25660
25661
25662
25663
25664
25665
25666
25670
25671
25672
25674
25676
25680
25683
25684
25691
25692
25693
25694
25711
25712
25717
25719
25720
25721
25722
25759
25764
25765
25766
25767
25768
25769
25770
25771
25773
25778
25781
25818
25820
25837
25838
25858
25859
25860
25861
25862
25863
25864
25865
25869
25870
25871
25872
25876
25877
25879
25882
25883
25884
25887
25888
25889
25891
25892
25898
25899
25900
25908
25909
25910
25911
25918
25929
25930
25931
25938
25939
25956
25990
25991
25992
25993
25994
25995
25996
25997
25998
25999
26000
26002
26007
26010
26050
26051
26052
26066
26068
26088
26089
26090
26092
26093
26094
26095
26096
26097
26098
26099
26101
26102
26106
26108
26110
26111
26112
26113
26114
26116
26117
26118
26120
26121
26122
26124
26127
26128
26137
26138
26139
26140
26141
26145
26146
26158
26159
26160
26161
26162
26164
26165
26183
26216
26218
26219
26220
26221
26223
26224
26225
26226
26227
26232
26235
26276
26277
26278
26279
26289
26291
26296
26297
26318
26319
26320
26321
26322
26323
26324
26325
26326
26327
26328
26332
26336
26337
26338
26339
26340
26341
26342
26343
26344
26347
26349
26352
26362
26363
26364
26365
26367
26371
26384
26385
26386
26387
26388
26389
26391
26392
26407
26444
26445
26446
26448
26449
26450
26451
26452
26453
26455
26456
26457
26464
26467
26507
26508
26509
26510
26521
26524
26529
26550
26552
26553
26554
26555
26556
26557
26559
26561
26565
26568
26569
26570
26571
26572
26573
26574
26575
26576
26577
26581
26594
26595
26596
26597
26599
26600
26604
26615
26616
26617
26619
26620
26621
26623
26638
26676
26678
26679
26680
26681
26682
26683
26684
26685
26687
26688
26689
26694
26696
26733
26734
26735
26736
26737
26747
26748
26750
26751
26757
26761
26777
26778
26779
26780
26781
26782
26783
26784
26786
26787
26788
26789
26798
26799
26800
26801
26802
26803
26804
26805
26806
26807
26808
26809
26811
26813
26825
26827
26829
26834
26843
26844
26845
26846
26848
26849
26850
26865
26910
26912
26913
26914
26915
26916
26917
26918
26919
26920
26921
26924
26925
26929
26932
26966
26967
26968
26978
26980
26981
26982
26989
26991
27004
27005
27006
27007
27008
27009
27010
27011
27013
27014
27025
27026
27028
27029
27031
27032
27033
27034
27035
27036
27037
27038
27039
27055
27059
27061
27070
27071
27072
27073
27074
27075
27076
27077
27090
27091
27093
27095
27142
27143
27144
27145
27146
27147
27148
27149
27150
27151
27153
27154
27159
27162
27193
27194
27195
27196
27209
27211
27212
27219
27220
27221
27239
27240
27243
27244
27245
27246
27259
27261
27263
27264
27266
27267
27268
27269
27270
27271
27272
27273
27274
27275
27277
27288
27292
27293
27300
27301
27302
27303
27304
27305
27307
27308
27317
27318
27375
27376
27377
27378
27379
27380
27381
27382
27383
27384
27385
27386
27387
27392
27396
27429
27430
27431
27437
27438
27447
27448
27449
27450
27451
27459
27460
27461
27462
27477
27479
27480
27494
27496
27499
27500
27502
27503
27504
27505
27506
27507
27508
27509
27510
27511
27519
27522
27529
27530
27531
27532
27533
27534
27536
27537
27538
27539
27547
27548
27549
27550
27553
27605
27606
27607
27608
27609
27610
27611
27612
27613
27614
27616
27620
27623
27624
27664
27665
27666
27674
27675
27678
27679
27680
27681
27682
27688
27690
27691
27692
27710
27711
27712
27713
27729
27731
27733
27735
27736
27737
27738
27739
27740
27741
27742
27743
27744
27745
27746
27747
27748
27757
27760
27761
27768
27769
27770
27771
27773
27774
27777
27778
27786
27787
27788
27789
27848
27849
27850
27851
27852
27853
27854
27855
27856
27857
27860
27865
27899
27905
27906
27918
27919
27921
27922
27923
27929
27930
27931
27951
27953
27954
27955
27972
27975
27977
27979
27980
27981
27982
27983
27984
27985
27986
27987
27988
27989
27990
27991
28002
28008
28009
28010
28011
28013
28014
28017
28018
28027
28028
28029
28030
28031
28084
28085
28086
28087
28088
28089
28090
28091
28092
28094
28095
28097
28098
28135
28136
28140
28141
28142
28143
28144
28156
28157
28159
28161
28168
28169
28189
28190
28191
28201
28208
28210
28212
28213
28216
28217
28218
28219
28220
28221
28222
28223
28225
28228
28239
28240
28241
28242
28243
28246
28247
28251
28252
28253
28261
28262
28263
28264
28265
28266
28267
28313
28314
28316
28317
28318
28319
28320
28323
28324
28325
28326
28366
28370
28371
28372
28373
28374
28379
28386
28387
28388
28415
28416
28417
28433
28434
28438
28439
28442
28443
28444
28445
28446
28448
28449
28462
28463
28464
28465
28466
28467
28472
28473
28477
28478
28479
28487
28488
28489
28491
28492
28493
28537
28538
28539
28540
28541
28544
28545
28546
28589
28590
28591
28592
28593
28595
28596
28597
28598
28602
28603
28606
28610
28611
28642
28643
28654
28661
28662
28664
28666
28668
28669
28670
28671
28672
28679
28687
28688
28689
28690
28691
28692
28696
28699
28700
28701
28707
28710
28711
28712
28713
28714
28715
28716
28717
28718
28764
28767
28768
28769
28770
28771
28772
28773
28774
28775
28776
28822
28823
28824
28825
28826
28827
28828
28829
28832
28835
28837
28838
28841
28842
28886
28892
28893
28894
28895
28896
28897
28898
28899
28905
28909
28910
28911
28912
28913
28914
28917
28919
28920
28925
28926
28928
28929
28930
28931
28932
28933
28935
28936
28937
28986
28987
28990
28991
28992
28993
28994
28995
28996
28997
28998
28999
29042
29043
29044
29047
29050
29052
29053
29054
29055
29056
29088
29102
29107
29108
29109
29110
29111
29113
29117
29119
29123
29125
29126
29127
29128
29129
29132
29134
29136
29138
29143
29146
29147
29148
29149
29150
29151
29152
29155
29156
29157
29210
29212
29214
29215
29216
29217
29218
29219
29264
29265
29270
29271
29273
29274
29276
29278
29279
29280
29315
29316
29336
29337
29338
29339
29340
29341
29342
29344
29347
29349
29352
29353
29355
29356
29357
29364
29366
29368
29371
29373
29374
29375
29376
29377
29378
29379
29382
29383
29384
29434
29438
29439
29440
29441
29442
29443
29444
29493
29497
29498
29500
29501
29503
29504
29505
29506
29546
29568
29569
29570
29571
29572
29573
29575
29578
29579
29580
29581
29582
29583
29586
29587
29588
29590
29591
29592
29593
29594
29598
29601
29602
29606
29607
29608
29610
29611
29612
29613
29614
29616
29617
29618
29641
29665
29666
29670
29671
29672
29724
29726
29733
29734
29735
29736
29737
29738
29765
29778
29798
29799
29800
29801
29802
29803
29804
29806
29809
29810
29812
29816
29817
29820
29821
29822
29823
29824
29827
29830
29831
29836
29837
29839
29840
29841
29842
29843
29844
29846
29847
29848
29849
29868
29869
29890
29892
29893
29898
29899
29900
29953
29954
29956
29957
29962
29963
29964
29965
29966
29967
29984
29993
30005
30025
30026
30027
30028
30029
30030
30031
30032
30035
30036
30037
30038
30039
30041
30042
30043
30046
30047
30048
30049
30050
30054
30060
30061
30062
30063
30064
30065
30066
30067
30069
30070
30071
30088
30089
30115
30117
30120
30176
30177
30178
30179
30180
30181
30186
30187
30188
30189
30190
30191
30207
30210
30220
30221
30223
30232
30252
30253
30254
30255
30256
30257
30258
30259
30260
30262
30263
30264
30266
30267
30268
30269
30270
30272
30273
30277
30278
30279
30281
30291
30292
30293
30294
30295
30296
30297
30299
30300
30301
30302
30317
30318
30343
30345
30349
30408
30409
30410
30411
30412
30413
30418
30420
30421
30422
30427
30428
30435
30436
30438
30447
30448
30449
30450
30458
30475
30477
30479
30480
30481
30482
30484
30485
30486
30487
30488
30491
30492
30493
30494
30495
30497
30498
30502
30504
30506
30514
30515
30516
30517
30518
30519
30521
30522
30523
30524
30536
30537
30568
30569
30571
30573
30633
30634
30635
30636
30637
30641
30642
30643
30644
30645
30646
30647
30651
30652
30661
30663
30672
30673
30696
30698
30699
30700
30701
30702
30705
30706
30707
30708
30711
30712
30713
30714
30715
30716
30720
30724
30726
30727
30732
30734
30735
30736
30737
30738
30739
30740
30741
30742
30747
30754
30755
30788
30790
30840
30855
30856
30857
30858
30859
30863
30864
30865
30866
30867
30868
30869
30871
30872
30874
30882
30891
30892
30893
30894
30919
30920
30921
30922
30923
30926
30927
30928
30929
30930
30931
30934
30935
30936
30937
30938
30939
30940
30947
30948
30955
30956
30957
30958
30959
30960
30961
30963
30964
30965
30969
30974
31011
31013
31064
31067
31085
31086
31087
31088
31089
31093
31094
31095
31096
31097
31098
31099
31101
31102
31103
31104
31106
31113
31114
31123
31124
31125
31126
31127
31149
31150
31152
31153
31154
31156
31157
31158
31159
31160
31161
31162
31165
31166
31167
31168
31169
31170
31171
31172
31173
31183
31192
31193
31194
31195
31196
31199
31200
31201
31205
31209
31248
31305
31307
31309
31329
31330
31331
31332
31336
31337
31338
31339
31340
31341
31342
31344
31345
31347
31357
31365
31366
31367
31368
31369
31370
31371
31385
31386
31388
31390
31391
31392
31393
31394
31395
31396
31397
31398
31399
31403
31404
31405
31406
31408
31409
31410
31417
31419
31424
31425
31426
31427
31428
31429
31430
31432
31434
31435
31466
31467
31476
31478
31538
31542
31544
31545
31546
31570
31571
31572
31577
31578
31580
31581
31582
31583
31584
31586
31588
31589
31598
31606
31607
31608
31609
31610
31611
31612
31613
31614
31620
31623
31624
31625
31626
31627
31628
31629
31630
31631
31634
31635
31637
31640
31641
31642
31643
31644
31645
31652
31657
31662
31663
31664
31665
31666
31667
31669
31671
31705
31706
31707
31779
31780
31781
31782
31783
31811
31812
31819
31821
31822
31823
31824
31825
31826
31827
31828
31847
31848
31849
31850
31851
31857
31858
31859
31860
31861
31862
31863
31864
31865
31866
31867
31868
31869
31870
31871
31873
31874
31876
31879
31880
31881
31882
31883
31884
31896
31897
31898
31900
31901
31904
31931
31935
31936
31937
31997
31998
31999
32000
32001
32002
32003
32004
32005
32013
32027
32036
32037
32043
32044
32045
32046
32047
32048
32049
32061
32062
32064
32066
32067
32068
32069
32074
32075
32076
32077
32078
32079
32080
32081
32082
32083
32084
32085
32086
32087
32088
32089
32091
32092
32093
32095
32097
32098
32099
32100
32102
32108
32114
32116
32117
32147
32151
32158
32201
32202
32203
32204
32205
32206
32207
32208
32216
32230
32235
32237
32238
32239
32240
32241
32242
32243
32252
32253
32256
32257
32258
32263
32265
32266
32267
32268
32269
32271
32272
32273
32274
32275
32276
32278
32279
32280
32281
32282
32283
32284
32285
32286
32287
32288
32294
32299
32300
32302
32303
32304
32308
32334
32336
32339
32374
32380
32381
32382
32383
32392
32404
32405
32406
32407
32408
32409
32410
32411
32414
32415
32417
32419
32422
32427
32428
32429
32430
32433
32434
32435
32436
32437
32441
32446
32447
32449
32450
32451
32452
32480
32481
32482
32485
32496
32497
32509
32514
32515
32516
32517
32519
32520
32521
32522
32525
32533
32534
32535
32536
32537
32538
32539
32542
32546
32554
32555
32556
32557
32558
32563
32564
32565
32567
32568
32569
32588
32589
32592
32594
32598
32603
32609
32610
32611
32612
32613
32614
32619
32620
32621
32622
32626
32628
32629
32634
32635
32639
32640
32641
32642
32643
32645
32646
32647
32653
32654
32655
32660
32661
32663
32666
32667
32668
32669
32670
32671
32673
32674
32676
32677
32678
32679
32680
32681
32682
32683
32684
32685
32686
32687
32688
32689
32690
)


// ************************************************************************* //
