/*--------------------------------*- C++ -*----------------------------------*\
| =========                 |                                                 |
| \\      /  F ield         | OpenFOAM: The Open Source CFD Toolbox           |
|  \\    /   O peration     | Version:  2412                                  |
|   \\  /    A nd           | Website:  www.openfoam.com                      |
|    \\/     M anipulation  |                                                 |
\*---------------------------------------------------------------------------*/
FoamFile
{
    version     2.0;
    format      ascii;
    arch        "LSB;label=32;scalar=64";
    note        "nPoints:2510  nCells:8173  nFaces:18398  nInternalFaces:14294";
    class       labelList;
    location    "constant/polyMesh";
    object      neighbour;
}
// * * * * * * * * * * * * * * * * * * * * * * * * * * * * * * * * * * * * * //


14294
(
6
7
2
8
9
13
14
5
15
16
9
18
14
21
22
12
23
21
24
11
25
26
27
28
29
31
32
33
34
18
36
37
38
39
37
40
25
41
40
42
43
34
45
23
46
47
29
48
25
49
50
51
28
53
54
39
55
56
57
59
60
62
63
67
33
35
68
47
69
70
48
72
38
73
74
41
73
75
76
77
78
79
43
78
80
75
81
82
84
46
85
86
87
88
48
89
90
51
86
91
79
91
56
92
54
65
93
59
94
95
96
97
57
63
98
94
99
99
100
60
101
88
102
102
103
104
105
107
108
105
109
112
110
113
101
114
68
117
118
119
70
119
120
121
72
111
122
90
123
124
125
76
92
126
125
127
77
127
84
98
125
128
129
131
132
133
83
134
135
136
136
137
138
139
87
121
140
141
89
140
142
120
143
144
145
141
146
147
148
96
149
140
150
97
151
152
100
153
113
154
147
155
147
156
105
157
103
152
158
145
159
160
161
162
149
164
165
109
138
165
155
162
149
168
145
173
113
152
171
168
172
174
116
122
175
117
176
118
177
123
178
179
121
180
123
181
182
126
129
184
184
185
186
135
186
133
187
132
188
189
134
190
191
191
192
190
193
194
139
195
139
196
183
193
197
155
198
199
200
202
203
201
204
205
182
205
206
207
208
185
209
210
156
200
211
211
212
213
214
154
157
215
212
216
217
218
219
219
220
159
203
214
221
222
164
223
224
225
226
220
226
225
227
228
229
230
231
169
232
170
234
235
233
236
233
237
238
181
239
240
222
238
241
181
244
177
245
246
247
179
247
248
180
249
204
250
248
250
252
253
186
187
254
255
256
192
257
258
256
259
260
252
261
258
262
254
262
263
197
199
231
264
265
199
230
266
267
202
268
269
270
271
271
272
207
273
274
221
240
209
218
275
215
234
277
268
278
278
279
214
270
280
281
216
282
234
279
275
283
284
285
278
285
283
286
287
288
281
289
224
228
290
291
292
229
293
229
286
293
277
295
296
231
297
251
295
299
300
301
302
236
299
303
301
302
238
281
306
307
308
274
309
289
310
311
311
244
312
313
246
314
315
315
316
317
318
271
319
318
274
320
323
325
256
326
324
327
328
258
328
329
330
331
332
330
264
333
328
267
334
335
323
324
335
284
336
337
334
337
270
287
273
287
338
339
340
303
341
282
343
344
345
346
346
347
348
348
291
349
340
350
351
340
291
352
353
289
354
355
356
357
358
359
360
361
362
360
363
364
343
366
297
363
367
336
368
300
369
370
371
366
372
303
306
371
373
374
305
307
376
341
377
379
380
310
379
309
378
381
354
382
383
384
384
385
386
387
388
389
320
390
391
386
392
317
391
393
319
394
394
395
339
395
397
398
399
399
400
398
401
368
398
329
333
402
401
402
331
403
404
405
406
407
408
409
410
411
412
413
414
414
415
374
417
418
419
371
420
345
421
422
373
423
380
424
420
425
426
351
352
427
411
428
359
367
355
385
429
430
431
424
430
432
433
434
361
434
362
426
365
435
365
436
437
438
364
435
368
439
440
433
441
411
437
442
372
419
444
445
446
447
448
445
449
380
448
379
446
451
452
453
384
452
417
455
385
456
457
458
415
458
459
432
460
461
462
463
464
389
465
390
458
466
467
415
468
395
469
470
470
472
472
473
474
473
475
476
477
478
401
479
480
481
405
406
482
410
481
482
409
413
477
483
480
484
485
413
442
486
487
487
418
489
418
490
491
492
493
494
495
425
423
496
497
498
499
500
438
499
499
501
459
502
503
504
502
505
506
507
508
436
437
439
509
510
485
511
512
440
513
474
449
495
508
477
513
515
493
516
492
517
456
490
448
457
518
496
519
520
455
521
523
524
462
523
454
525
463
527
523
528
457
460
498
531
531
532
507
533
462
534
535
463
503
465
469
471
536
467
537
538
530
539
537
540
541
542
543
542
544
545
546
547
478
545
548
544
549
550
549
551
553
554
481
554
484
555
556
486
501
513
557
532
540
489
558
521
559
491
533
492
560
561
562
496
500
566
567
568
518
507
569
511
570
532
571
527
572
505
506
571
535
573
574
575
576
512
575
577
514
546
577
578
568
579
580
552
581
576
582
583
564
584
585
519
586
587
587
588
567
589
584
589
590
592
524
593
534
594
595
594
596
527
531
598
596
533
534
599
530
598
600
601
538
602
603
595
572
604
539
605
606
607
598
607
606
608
602
605
609
610
611
610
547
612
613
552
614
580
615
551
616
617
555
580
555
618
619
553
620
616
556
622
619
623
570
624
626
627
560
628
629
561
603
630
631
563
585
632
625
565
633
634
635
567
587
637
575
638
588
639
572
640
641
642
603
643
644
645
590
645
646
647
579
639
646
648
624
647
649
645
647
650
590
634
650
634
651
633
651
631
652
653
654
655
656
657
658
599
629
658
659
660
597
661
662
663
664
665
666
669
663
670
669
672
608
672
607
670
640
641
662
673
674
675
676
677
611
678
678
615
679
680
617
681
615
682
683
684
619
685
686
687
688
689
691
692
649
693
694
684
695
657
696
628
696
697
630
698
670
698
699
700
644
701
695
699
702
703
704
636
703
704
693
638
655
648
705
706
664
707
708
643
709
710
711
711
656
682
712
713
714
692
715
656
716
702
717
654
701
718
719
705
720
705
721
659
722
663
723
724
662
664
725
726
727
728
669
728
667
725
729
730
730
731
732
710
729
733
735
674
736
677
736
737
732
737
738
739
740
683
741
742
688
742
690
741
743
706
744
691
745
706
689
746
743
746
689
747
694
748
749
749
750
750
752
753
697
756
721
757
699
758
722
759
760
701
760
761
762
719
763
717
751
717
764
765
709
726
766
767
767
768
769
744
770
771
715
716
771
765
770
753
772
764
773
774
720
775
760
776
722
777
778
724
779
780
781
782
783
784
727
785
767
786
731
787
788
783
789
783
790
735
787
781
791
792
777
782
793
739
739
794
787
795
749
796
796
797
798
799
745
800
801
802
803
803
798
805
806
801
807
809
811
764
812
810
813
814
816
817
813
818
819
758
816
820
818
821
761
768
822
823
762
824
769
776
825
826
827
773
828
785
829
769
830
831
772
831
801
832
831
833
826
827
834
776
835
836
778
820
779
837
782
838
786
839
840
840
841
842
843
788
844
845
845
846
846
847
790
792
849
850
851
852
853
854
855
856
857
795
858
804
859
802
860
861
803
804
862
863
864
865
806
866
867
868
869
808
863
868
870
871
834
872
874
875
827
874
876
877
878
877
879
881
882
885
886
856
887
885
888
825
878
889
886
890
823
888
890
837
891
892
824
893
892
894
895
894
896
896
897
830
847
891
900
876
901
902
896
897
903
904
905
897
893
895
838
906
907
908
847
907
909
855
910
842
911
912
857
913
844
850
914
915
916
899
917
898
917
898
849
915
918
915
858
914
911
922
854
920
923
918
924
917
925
886
926
884
927
860
865
869
928
862
867
929
864
902
930
931
929
932
933
934
935
930
933
928
934
933
936
902
937
938
878
882
904
875
905
937
942
942
937
943
885
944
945
880
944
946
947
948
948
949
950
939
950
951
919
953
954
955
926
956
957
954
958
895
958
959
906
955
907
906
958
904
960
961
962
916
901
903
943
963
964
962
965
942
966
967
968
913
967
969
910
968
912
970
919
971
971
972
972
973
974
975
974
976
977
921
975
979
921
923
981
982
983
925
983
984
970
985
927
986
973
987
930
988
934
989
964
990
991
992
993
994
995
996
997
998
999
999
1000
1001
966
1002
941
1005
1006
997
1004
1007
962
1008
945
1009
949
1010
947
957
1011
952
1012
949
1013
1014
965
1015
1002
1016
1017
1018
1019
987
1020
955
1021
1022
987
1023
1023
1024
1025
1010
1026
1027
961
1028
1029
1027
1029
964
1030
1001
966
1031
1032
1022
1033
969
972
1034
1034
1035
1036
986
1037
1038
1039
1038
1040
985
979
1042
1043
1020
1044
982
1041
983
1034
1045
1046
1047
1039
1047
1048
1022
1049
1050
989
1051
1052
1053
1052
1054
995
1055
993
1055
998
1056
996
1051
1057
1058
1000
1059
1060
1008
1061
1062
1063
1030
1054
1003
1064
1067
1005
1069
1066
1070
1007
1063
1071
1032
1061
1030
1072
1011
1021
1073
1073
1074
1024
1075
1019
1076
1077
1077
1078
1079
1074
1080
1081
1017
1031
1081
1065
1082
1083
1084
1023
1085
1086
1087
1088
1025
1089
1089
1090
1049
1091
1026
1073
1092
1031
1092
1093
1072
1094
1094
1095
1096
1036
1044
1097
1037
1098
1099
1040
1048
1100
1101
1102
1103
1101
1104
1102
1105
1096
1106
1107
1100
1108
1109
1089
1110
1088
1090
1098
1111
1112
1056
1111
1112
1113
1114
1114
1115
1058
1114
1116
1111
1117
1060
1062
1069
1115
1119
1063
1120
1113
1121
1121
1083
1095
1122
1124
1127
1122
1128
1069
1119
1129
1131
1071
1127
1131
1095
1132
1120
1133
1134
1135
1091
1136
1137
1137
1138
1139
1140
1141
1141
1142
1080
1140
1142
1135
1143
1134
1143
1084
1142
1144
1145
1146
1143
1147
1148
1149
1149
1150
1151
1152
1105
1152
1153
1148
1154
1154
1155
1134
1156
1094
1120
1157
1146
1146
1097
1158
1105
1160
1110
1159
1160
1103
1161
1162
1163
1158
1164
1165
1166
1151
1167
1168
1108
1169
1170
1109
1170
1165
1155
1171
1172
1173
1174
1174
1175
1176
1174
1177
1178
1179
1172
1180
1176
1181
1182
1183
1184
1132
1185
1127
1186
1124
1187
1188
1125
1144
1189
1191
1128
1192
1193
1186
1195
1196
1193
1194
1132
1197
1198
1136
1199
1200
1199
1200
1201
1202
1201
1203
1140
1204
1205
1150
1203
1206
1207
1207
1207
1200
1188
1208
1147
1209
1210
1211
1212
1213
1152
1214
1214
1215
1216
1217
1217
1171
1218
1219
1218
1220
1157
1222
1184
1223
1169
1224
1218
1225
1166
1167
1226
1227
1166
1228
1168
1227
1229
1169
1230
1231
1221
1232
1233
1234
1173
1235
1235
1236
1237
1177
1178
1183
1238
1239
1240
1180
1241
1183
1242
1240
1242
1243
1244
1198
1236
1244
1193
1245
1189
1246
1205
1207
1249
1247
1250
1192
1208
1251
1245
1250
1252
1248
1254
1197
1254
1255
1243
1253
1255
1252
1256
1211
1256
1204
1257
1213
1204
1258
1220
1219
1259
1260
1261
1262
1262
1263
1264
1212
1265
1212
1245
1266
1211
1266
1267
1223
1268
1222
1269
1216
1271
1263
1270
1272
1219
1273
1233
1271
1274
1275
1276
1277
1267
1244
1267
1229
1234
1274
1278
1279
1280
1281
1232
1282
1231
1280
1283
1284
1285
1286
1287
1286
1233
1288
1289
1285
1290
1237
1291
1292
1293
1291
1294
1295
1241
1295
1296
1297
1298
1300
1294
1301
1302
1303
1304
1305
1306
1251
1307
1251
1308
1309
1254
1302
1310
1311
1312
1313
1314
1315
1316
1269
1317
1259
1318
1319
1320
1321
1261
1317
1319
1322
1323
1304
1322
1324
1325
1320
1322
1326
1268
1323
1327
1316
1328
1329
1330
1331
1330
1324
1332
1333
1273
1334
1335
1333
1336
1275
1338
1321
1339
1338
1281
1282
1341
1342
1343
1344
1345
1346
1284
1347
1344
1343
1348
1289
1349
1350
1333
1351
1339
1351
1352
1293
1299
1315
1353
1353
1354
1355
1299
1356
1298
1357
1358
1358
1359
1301
1361
1310
1355
1316
1362
1307
1363
1324
1363
1308
1365
1366
1312
1365
1367
1368
1362
1370
1327
1370
1371
1372
1372
1373
1314
1374
1315
1354
1375
1373
1375
1376
1377
1378
1379
1320
1380
1382
1379
1383
1384
1378
1384
1385
1326
1386
1387
1382
1388
1389
1390
1329
1331
1377
1378
1389
1334
1392
1337
1337
1393
1336
1386
1394
1339
1351
1350
1381
1383
1350
1395
1347
1397
1348
1348
1398
1346
1399
1397
1400
1401
1402
1349
1403
1404
1405
1406
1405
1354
1407
1408
1409
1357
1409
1410
1411
1412
1412
1361
1412
1413
1414
1409
1414
1374
1415
1417
1418
1369
1419
1374
1420
1419
1420
1421
1373
1422
1371
1417
1423
1423
1424
1421
1425
1390
1426
1427
1428
1430
1431
1432
1377
1431
1415
1381
1433
1433
1434
1434
1435
1388
1436
1392
1418
1437
1434
1438
1437
1439
1440
1441
1425
1436
1442
1392
1443
1444
1444
1445
1446
1438
1445
1447
1396
1406
1448
1400
1449
1451
1452
1453
1402
1453
1451
1454
1455
1456
1457
1456
1458
1405
1406
1451
1459
1447
1446
1432
1460
1460
1461
1462
1461
1411
1463
1464
1465
1414
1466
1467
1425
1430
1418
1469
1436
1470
1470
1471
1472
1473
1474
1426
1475
1473
1476
1477
1471
1478
1479
1480
1471
1481
1428
1462
1483
1476
1484
1467
1485
1431
1488
1489
1484
1490
1491
1491
1491
1441
1492
1493
1439
1494
1495
1496
1441
1492
1497
1498
1498
1499
1444
1500
1501
1493
1496
1502
1502
1503
1459
1504
1503
1506
1454
1507
1452
1508
1457
1509
1510
1505
1511
1505
1512
1513
1514
1515
1516
1517
1514
1502
1518
1519
1520
1463
1521
1519
1522
1523
1465
1523
1524
1525
1525
1526
1521
1526
1469
1479
1527
1528
1492
1528
1529
1530
1531
1532
1533
1475
1488
1533
1480
1534
1535
1536
1487
1532
1536
1479
1528
1537
1538
1488
1499
1534
1539
1483
1540
1522
1541
1519
1535
1543
1540
1544
1545
1489
1490
1546
1547
1496
1548
1497
1549
1550
1551
1552
1552
1554
1555
1503
1556
1557
1559
1507
1557
1560
1509
1561
1562
1563
1564
1515
1559
1560
1562
1514
1565
1559
1566
1567
1568
1517
1569
1564
1567
1570
1571
1556
1561
1572
1573
1522
1574
1575
1574
1576
1576
1577
1543
1577
1579
1580
1537
1539
1581
1581
1582
1532
1583
1584
1546
1585
1553
1586
1546
1587
1588
1589
1538
1590
1581
1591
1586
1592
1541
1593
1575
1589
1593
1594
1595
1589
1596
1593
1597
1598
1548
1551
1580
1600
1601
1550
1602
1600
1603
1602
1604
1605
1605
1606
1601
1607
1603
1608
1609
1610
1607
1609
1611
1563
1613
1611
1614
1615
1614
1616
1568
1617
1618
1617
1619
1620
1614
1619
1569
1621
1571
1622
1623
1621
1624
1575
1625
1626
1577
1627
1628
1630
1631
1591
1632
1580
1601
1634
1635
1636
1583
1637
1638
1585
1588
1639
1598
1640
1641
1642
1588
1598
1626
1643
1643
1635
1644
1645
1636
1644
1606
1642
1645
1647
1648
1649
1650
1648
1651
1597
1652
1653
1654
1599
1602
1655
1656
1657
1624
1658
1657
1659
1656
1610
1613
1658
1660
1660
1661
1661
1663
1663
1661
1665
1666
1667
1668
1623
1668
1669
1670
1671
1670
1622
1672
1662
1664
1671
1673
1671
1674
1675
1676
1677
1678
1643
1677
1628
1629
1631
1647
1678
1679
1680
1651
1680
1633
1681
1682
1634
1683
1684
1659
1684
1637
1685
1686
1639
1686
1687
1688
1689
1641
1688
1690
1691
1692
1692
1653
1681
1693
1694
1695
1652
1687
1696
1649
1698
1699
1700
1699
1701
1700
1702
1699
1703
1689
1704
1706
1707
1708
1658
1709
1710
1683
1710
1711
1712
1695
1713
1710
1715
1717
1670
1666
1718
1672
1667
1720
1721
1672
1722
1723
1723
1722
1724
1725
1726
1727
1728
1729
1675
1730
1731
1732
1733
1712
1734
1735
1679
1736
1703
1684
1737
1738
1740
1741
1742
1686
1691
1743
1744
1689
1745
1691
1746
1747
1748
1749
1750
1737
1743
1751
1751
1752
1753
1753
1745
1754
1739
1755
1756
1701
1707
1736
1757
1758
1759
1760
1761
1762
1757
1708
1735
1747
1706
1763
1764
1765
1759
1766
1766
1767
1712
1769
1770
1771
1713
1770
1720
1742
1772
1741
1716
1773
1774
1718
1721
1774
1722
1776
1776
1778
1734
1779
1725
1780
1781
1725
1733
1781
1782
1783
1727
1784
1729
1731
1730
1781
1785
1786
1733
1787
1786
1788
1789
1790
1790
1792
1793
1739
1793
1794
1771
1795
1796
1796
1795
1797
1798
1799
1756
1799
1800
1800
1801
1747
1748
1802
1803
1750
1798
1802
1752
1792
1804
1804
1772
1768
1805
1806
1807
1806
1808
1760
1809
1762
1810
1811
1812
1813
1811
1814
1815
1765
1767
1816
1817
1811
1818
1790
1819
1820
1821
1822
1771
1779
1823
1823
1824
1773
1797
1825
1826
1776
1826
1784
1828
1829
1785
1829
1831
1780
1832
1826
1833
1834
1783
1836
1837
1833
1835
1838
1839
1840
1841
1788
1839
1842
1838
1843
1837
1842
1794
1844
1797
1845
1808
1846
1847
1823
1849
1825
1850
1851
1804
1852
1808
1853
1806
1854
1803
1805
1855
1856
1821
1856
1857
1822
1858
1859
1848
1860
1861
1810
1813
1862
1863
1863
1864
1865
1864
1815
1863
1866
1862
1867
1818
1868
1869
1821
1822
1870
1871
1872
1873
1874
1875
1876
1877
1878
1827
1880
1881
1882
1883
1880
1884
1831
1840
1884
1885
1886
1887
1886
1888
1836
1840
1884
1889
1890
1891
1883
1892
1883
1893
1893
1843
1894
1895
1896
1897
1850
1898
1846
1899
1900
1847
1901
1898
1902
1902
1851
1877
1903
1881
1904
1879
1899
1853
1857
1905
1854
1861
1855
1859
1905
1906
1905
1907
1900
1908
1906
1909
1913
1860
1861
1914
1915
1901
1864
1916
1872
1917
1917
1918
1919
1920
1920
1921
1873
1922
1923
1870
1924
1925
1876
1926
1925
1927
1923
1928
1929
1875
1930
1926
1931
1910
1913
1878
1887
1879
1882
1888
1932
1932
1934
1890
1936
1937
1938
1890
1939
1891
1940
1941
1942
1895
1896
1943
1940
1944
1897
1945
1940
1945
1946
1947
1949
1950
1951
1952
1901
1953
1915
1915
1954
1904
1951
1955
1949
1956
1957
1914
1958
1931
1957
1953
1959
1914
1961
1925
1963
1912
1954
1964
1965
1966
1967
1968
1968
1921
1969
1969
1923
1970
1971
1928
1972
1973
1973
1974
1929
1975
1976
1977
1926
1975
1978
1979
1966
1980
1981
1977
1981
1930
1975
1982
1933
1983
1984
1943
1944
1944
1987
1942
1990
1991
1938
1939
1992
1955
1993
1983
1994
1995
1942
1996
1997
1994
1998
1999
2000
2001
1947
2002
2003
1951
2004
2003
2004
2005
2006
1953
2007
2008
2005
2009
1956
2010
1983
2011
1958
1959
1982
2012
2012
1962
1963
2013
1962
1967
2014
1965
1967
2015
2017
2018
2014
2020
1982
2021
2022
2008
2009
2024
2024
2025
2026
2027
2028
2024
2027
2029
2030
2031
2032
2025
2033
1979
2021
2030
1980
2015
2034
2035
2016
2033
2036
2038
1985
2038
2039
2037
2040
1989
2039
1988
2041
2042
1991
2043
1997
2042
2044
2045
2046
2050
2051
2046
2050
1997
2000
2052
2049
2053
2054
2002
2055
2056
2055
2041
2056
2052
2057
2018
2058
2006
2059
2018
2060
2007
2061
2062
2063
2012
2064
2014
2065
2051
2061
2066
2038
2059
2066
2067
2020
2068
2069
2022
2068
2070
2071
2072
2071
2073
2073
2074
2022
2075
2076
2035
2078
2027
2079
2080
2081
2080
2082
2081
2032
2083
2033
2034
2084
2034
2085
2086
2087
2068
2088
2075
2089
2090
2058
2091
2092
2092
2093
2091
2094
2042
2095
2096
2097
2096
2098
2099
2097
2099
2100
2092
2101
2048
2102
2096
2103
2050
2104
2105
2106
2107
2054
2098
2107
2108
2106
2109
2106
2110
2059
2111
2112
2063
2065
2113
2112
2114
2114
2115
2064
2116
2065
2067
2117
2112
2118
2090
2119
2120
2074
2076
2117
2121
2122
2123
2111
2113
2122
2124
2120
2126
2083
2128
2120
2128
2129
2130
2130
2131
2132
2133
2135
2082
2133
2136
2085
2086
2137
2138
2132
2139
2088
2140
2141
2131
2142
2143
2144
2146
2147
2094
2148
2149
2109
2153
2153
2102
2150
2154
2155
2102
2156
2101
2157
2158
2147
2159
2162
2153
2161
2159
2163
2164
2165
2166
2166
2167
2168
2146
2169
2169
2170
2171
2172
2116
2173
2119
2174
2144
2175
2147
2163
2176
2143
2177
2139
2178
2179
2180
2181
2181
2126
2180
2182
2127
2182
2175
2185
2186
2187
2144
2188
2179
2189
2190
2190
2190
2191
2192
2193
2145
2194
2195
2136
2195
2196
2193
2197
2139
2141
2198
2140
2188
2199
2200
2142
2201
2179
2202
2177
2191
2203
2204
2178
2205
2181
2206
2148
2149
2158
2176
2207
2158
2208
2207
2166
2209
2156
2210
2165
2209
2211
2212
2213
2159
2212
2214
2215
2163
2162
2216
2217
2218
2219
2220
2223
2165
2167
2168
2224
2209
2225
2226
2206
2227
2174
2227
2228
2175
2180
2228
2173
2227
2174
2229
2204
2206
2230
2185
2188
2200
2231
2232
2233
2234
2235
2236
2184
2234
2237
2238
2239
2236
2240
2243
2191
2236
2244
2240
2232
2246
2247
2248
2249
2193
2250
2251
2252
2253
2254
2251
2255
2255
2256
2256
2257
2258
2259
2260
2261
2251
2262
2202
2263
2264
2259
2265
2229
2266
2240
2266
2231
2245
2267
2268
2215
2269
2215
2219
2272
2211
2213
2273
2221
2274
2220
2275
2276
2277
2278
2276
2279
2280
2218
2281
2282
2272
2283
2284
2285
2282
2286
2223
2287
2278
2288
2225
2289
2226
2290
2291
2292
2293
2294
2294
2268
2269
2288
2262
2295
2265
2296
2235
2293
2297
2297
2298
2239
2299
2299
2300
2301
2297
2301
2261
2242
2302
2303
2304
2305
2244
2303
2306
2249
2307
2308
2309
2296
2310
2248
2312
2313
2249
2304
2264
2252
2314
2314
2257
2255
2316
2267
2315
2316
2317
2318
2318
2262
2319
2320
2321
2322
2263
2324
2266
2325
2326
2327
2313
2327
2313
2328
2294
2309
2329
2298
2330
2331
2332
2285
2333
2331
2333
2273
2334
2282
2336
2277
2338
2286
2335
2338
2332
2339
2340
2341
2340
2342
2281
2343
2285
2344
2345
2346
2347
2348
2349
2339
2350
2351
2350
2351
2352
2292
2330
2342
2353
2334
2353
2354
2354
2330
2355
2355
2356
2356
2296
2308
2357
2358
2359
2300
2359
2307
2325
2331
2361
2306
2363
2305
2364
2304
2365
2312
2311
2307
2366
2367
2369
2370
2311
2312
2371
2372
2373
2374
2317
2375
2376
2377
2378
2318
2378
2379
2323
2326
2380
2322
2357
2381
2382
2328
2382
2383
2325
2367
2384
2356
2329
2375
2367
2386
2358
2374
2387
2388
2390
2391
2342
2392
2393
2394
2349
2396
2397
2337
2396
2398
2399
2400
2341
2392
2401
2400
2402
2403
2344
2404
2406
2407
2408
2347
2406
2409
2348
2405
2410
2352
2411
2412
2395
2413
2414
2415
2400
2416
2416
2417
2395
2419
2420
2421
2390
2418
2422
2358
2423
2371
2390
2424
2362
2425
2391
2425
2426
2427
2366
2424
2427
2428
2429
2366
2430
2431
2432
2433
2369
2434
2370
2423
2435
2436
2373
2437
2429
2437
2374
2438
2439
2387
2440
2441
2442
2441
2443
2387
2444
2444
2381
2383
2388
2445
2446
2447
2448
2433
2449
2386
2439
2450
2451
2435
2452
2436
2442
2453
2393
2454
2454
2455
2415
2456
2456
2457
2399
2458
2417
2459
2411
2459
2460
2421
2461
2462
2402
2403
2463
2455
2464
2455
2465
2467
2468
2407
2469
2414
2470
2471
2411
2472
2473
2412
2473
2474
2417
2475
2476
2458
2476
2477
2416
2478
2454
2479
2462
2480
2422
2481
2420
2483
2484
2449
2445
2485
2426
2453
2486
2487
2486
2488
2430
2486
2430
2489
2490
2491
2432
2492
2493
2433
2494
2450
2485
2495
2445
2496
2497
2485
2498
2439
2493
2499
2447
2451
2500
2501
2444
2502
2503
2504
2448
2505
2506
2506
2481
2493
2508
2503
2507
2507
2509
2465
2494
2510
2510
2487
2511
2483
2512
2513
2514
2473
2513
2516
2514
2517
2518
2518
2519
2520
2488
2521
2475
2522
2523
2468
2525
2526
2527
2472
2525
2528
2478
2529
2530
2530
2531
2532
2531
2527
2531
2533
2534
2535
2513
2534
2512
2536
2537
2479
2518
2511
2520
2515
2517
2538
2482
2494
2521
2539
2540
2541
2542
2543
2544
2510
2545
2490
2546
2547
2548
2492
2547
2549
2550
2551
2551
2521
2555
2497
2509
2556
2557
2558
2499
2542
2559
2560
2561
2501
2502
2562
2558
2563
2564
2565
2566
2505
2542
2567
2560
2568
2560
2566
2569
2570
2520
2530
2544
2539
2571
2572
2536
2573
2574
2572
2575
2576
2578
2578
2579
2580
2581
2582
2583
2584
2524
2585
2586
2588
2527
2589
2590
2588
2529
2589
2591
2592
2593
2592
2595
2538
2591
2596
2535
2597
2598
2537
2599
2585
2599
2541
2600
2584
2601
2574
2576
2541
2602
2603
2604
2555
2545
2549
2606
2606
2607
2581
2582
2608
2548
2609
2559
2610
2550
2611
2582
2612
2561
2613
2610
2557
2618
2619
2620
2617
2619
2567
2620
2621
2620
2622
2570
2623
2561
2624
2625
2626
2627
2628
2627
2629
2628
2630
2566
2570
2630
2619
2631
2631
2613
2633
2584
2634
2573
2635
2636
2637
2595
2638
2577
2578
2579
2593
2639
2640
2606
2639
2641
2586
2642
2643
2597
2644
2645
2646
2597
2648
2590
2649
2594
2647
2593
2650
2594
2651
2652
2653
2596
2598
2637
2654
2655
2638
2656
2635
2657
2601
2636
2658
2643
2657
2604
2634
2604
2659
2658
2607
2615
2616
2660
2651
2660
2609
2614
2615
2611
2661
2624
2661
2660
2662
2613
2641
2663
2664
2661
2665
2653
2624
2668
2670
2671
2672
2673
2631
2632
2674
2623
2669
2675
2629
2676
2677
2626
2664
2678
2679
2680
2679
2681
2682
2683
2676
2682
2685
2686
2687
2638
2688
2688
2689
2690
2691
2652
2691
2692
2690
2645
2693
2694
2686
2693
2645
2695
2696
2697
2648
2698
2699
2699
2701
2649
2702
2650
2699
2703
2704
2653
2705
2704
2705
2701
2656
2703
2706
2696
2702
2707
2689
2707
2688
2695
2686
2708
2708
2709
2710
2710
2711
2712
2711
2713
2714
2713
2715
2701
2716
2668
2718
2672
2719
2681
2721
2672
2720
2722
2673
2723
2724
2725
2674
2675
2727
2728
2721
2729
2730
2731
2678
2710
2719
2732
2733
2730
2734
2682
2730
2735
2736
2684
2725
2737
2738
2740
2742
2743
2744
2746
2714
2709
2747
2748
2749
2695
2750
2751
2752
2753
2754
2755
2754
2756
2700
2757
2758
2759
2760
2761
2762
2757
2763
2763
2764
2765
2766
2709
2767
2763
2768
2769
2712
2770
2733
2771
2771
2772
2733
2747
2770
2773
2774
2761
2773
2775
2776
2776
2777
2779
2780
2724
2781
2782
2783
2727
2784
2777
2782
2780
2785
2737
2786
2786
2787
2731
2787
2788
2789
2740
2790
2738
2791
2791
2789
2792
2793
2792
2794
2782
2795
2777
2796
2740
2787
2760
2797
2798
2750
2769
2802
2802
2803
2745
2746
2753
2804
2768
2748
2771
2806
2765
2806
2751
2807
2808
2809
2756
2810
2755
2811
2797
2812
2768
2813
2801
2814
2815
2759
2816
2817
2762
2766
2815
2818
2817
2819
2767
2774
2814
2765
2820
2821
2822
2767
2822
2772
2823
2824
2825
2776
2826
2827
2826
2828
2829
2826
2829
2778
2831
2832
2833
2834
2781
2788
2835
2836
2837
2838
2784
2785
2837
2839
2841
2842
2843
2844
2845
2846
2847
2793
2848
2846
2848
2849
2851
2852
2853
2835
2852
2854
2843
2855
2833
2851
2815
2856
2818
2857
2857
2858
2819
2859
2860
2825
2862
2862
2805
2811
2863
2827
2811
2863
2864
2864
2865
2866
2862
2867
2860
2866
2868
2813
2856
2859
2869
2870
2820
2871
2872
2820
2822
2873
2829
2874
2819
2875
2876
2877
2828
2870
2871
2863
2878
2879
2880
2828
2881
2882
2883
2884
2832
2884
2885
2880
2886
2886
2887
2888
2889
2840
2846
2889
2890
2891
2850
2892
2855
2887
2890
2842
2844
2893
2894
2895
2847
2896
2897
2845
2897
2847
2898
2899
2852
2900
2900
2901
2881
2903
2900
2904
2905
2906
2872
2907
2907
2908
2909
2910
2907
2912
2861
2912
2913
2914
2916
2917
2918
2867
2919
2920
2921
2922
2923
2869
2915
2917
2925
2926
2927
2928
2928
2929
2928
2930
2874
2931
2932
2876
2933
2908
2930
2934
2934
2935
2929
2932
2879
2936
2937
2882
2883
2938
2931
2938
2884
2933
2941
2889
2942
2943
2938
2944
2944
2940
2945
2945
2942
2946
2892
2947
2948
2893
2949
2950
2951
2952
2953
2954
2896
2953
2955
2956
2957
2958
2899
2901
2954
2959
2960
2961
2905
2952
2962
2963
2960
2963
2946
2958
2964
2910
2964
2967
2967
2968
2935
2939
2969
2925
2970
2966
2971
2923
2937
2926
2972
2918
2936
2973
2922
2974
2920
2975
2921
2976
2977
2977
2978
2924
2979
2925
2980
2978
2981
2982
2927
2983
2984
2985
2986
2964
2987
2933
2988
2988
2989
2990
2991
2992
2990
2992
2993
2993
2994
2941
2995
2995
2943
2990
2944
2996
2997
2998
2999
2948
2997
2947
3001
2951
3002
3000
3003
3004
3005
2957
3006
3007
2958
3008
3009
3010
3011
3012
3013
3011
3014
2959
3010
3015
3016
3017
3013
2961
2962
3018
3018
3009
3019
3020
2981
3021
3023
3024
2971
3019
3025
3023
3026
2971
2982
3019
3027
2974
3028
2975
2975
3029
3030
3031
3032
3033
2993
3034
2980
3033
3035
3029
3036
3035
3037
3038
3039
2984
3028
3039
3040
2986
2987
3040
2989
2991
3041
2994
3042
2991
3043
3044
3045
3023
3046
3047
3048
2997
3049
2998
3050
3051
3052
3044
3053
3048
3051
3005
3054
3050
3055
3003
3055
3056
3052
3057
3006
3058
3059
3017
3060
3016
3061
3062
3062
3063
3012
3065
3013
3066
3067
3018
3068
3069
3017
3070
3071
3072
3073
3072
3074
3075
3076
3078
3022
3081
3082
3027
3081
3083
3024
3084
3085
3025
3085
3086
3087
3084
3088
3038
3086
3089
3030
3090
3033
3091
3092
3092
3093
3094
3095
3093
3096
3083
3097
3038
3083
3098
3097
3099
3078
3099
3041
3078
3100
3043
3044
3101
3045
3046
3046
3102
3103
3096
3101
3088
3105
3053
3101
3105
3106
3106
3107
3057
3059
3108
3106
3109
3063
3109
3110
3110
3111
3060
3112
3113
3112
3061
3114
3115
3116
3116
3117
3118
3118
3119
3067
3120
3121
3077
3122
3069
3119
3123
3121
3124
3075
3125
3126
3120
3127
3128
3129
3128
3115
3129
3130
3130
3131
3123
3133
3134
3136
3080
3137
3139
3140
3086
3141
3140
3141
3142
3143
3085
3142
3144
3145
3136
3144
3145
3146
3090
3147
3098
3148
3095
3149
3150
3151
3152
3153
3154
3095
3155
3156
3157
3158
3137
3159
3147
3160
3147
3161
3102
3163
3103
3162
3107
3164
3158
3165
3111
3146
3166
3167
3111
3168
3169
3170
3171
3170
3172
3173
3174
3131
3174
3176
3177
3178
3117
3179
3170
3181
3182
3183
3184
3185
3186
3184
3185
3125
3186
3187
3183
3188
3189
3190
3131
3132
3190
3186
3191
3192
3191
3193
3189
3194
3195
3196
3197
3182
3199
3187
3199
3151
3159
3200
3161
3163
3143
3202
3139
3203
3204
3205
3206
3206
3207
3145
3207
3144
3208
3207
3209
3164
3161
3204
3208
3210
3149
3160
3211
3212
3212
3213
3156
3214
3154
3215
3158
3165
3216
3217
3165
3213
3218
3157
3219
3159
3211
3202
3209
3220
3210
3164
3221
3167
3222
3167
3208
3223
3224
3223
3226
3171
3226
3227
3228
3229
3230
3173
3175
3231
3232
3233
3196
3234
3233
3235
3177
3195
3236
3194
3237
3179
3237
3238
3180
3181
3240
3241
3184
3242
3243
3244
3188
3245
3246
3246
3247
3248
3191
3249
3250
3251
3252
3252
3253
3254
3238
3195
3249
3250
3255
3251
3256
3247
3257
3258
3202
3261
3262
3205
3263
3230
3264
3260
3265
3264
3266
3267
3264
3262
3268
3269
3270
3262
3271
3272
3215
3219
3258
3273
3274
3217
3275
3274
3219
3222
3276
3277
3268
3270
3224
3269
3275
3279
3280
3281
3280
3229
3282
3284
3285
3228
3285
3286
3231
3241
3263
3287
3263
3284
3288
3289
3234
3289
3290
3291
3236
3292
3288
3293
3294
3295
3295
3296
3297
3283
3298
3298
3298
3299
3300
3301
3244
3301
3302
3248
3302
3303
3253
3304
3251
3305
3250
3306
3307
3307
3308
3309
3305
3310
3308
3256
3292
3311
3300
3313
3278
3315
3316
3317
3316
3317
3318
3319
3318
3321
3281
3321
3322
3323
3267
3322
3324
3268
3270
3325
3326
3326
3272
3277
3327
3278
3328
3275
3328
3329
3277
3330
3331
3332
3329
3333
3334
3284
3324
3287
3285
3335
3336
3287
3288
3337
3338
3339
3299
3340
3291
3341
3342
3293
3311
3341
3343
3307
3311
3344
3299
3345
3297
3306
3345
3346
3347
3348
3349
3350
3350
3351
3310
3313
3351
3352
3353
3309
3354
3354
3355
3353
3355
3356
3357
3359
3361
3348
3360
3319
3362
3332
3362
3363
3320
3323
3364
3365
3325
3366
3364
3367
3368
3335
3370
3371
3372
3365
3373
3334
3372
3371
3374
3334
3366
3376
3377
3378
3379
3333
3380
3363
3377
3380
3381
3382
3372
3384
3383
3384
3385
3338
3385
3386
3370
3387
3340
3343
3386
3342
3388
3389
3343
3389
3391
3345
3354
3392
3393
3395
3388
3393
3395
3396
3397
3350
3396
3398
3356
3396
3357
3361
3399
3354
3400
3401
3401
3402
3403
3404
3405
3392
3403
3406
3407
3408
3402
3409
3411
3411
3415
3414
3416
3371
3417
3367
3418
3419
3420
3369
3373
3421
3387
3422
3423
3424
3425
3422
3426
3375
3418
3424
3427
3428
3419
3429
3379
3381
3382
3415
3430
3431
3432
3432
3434
3436
3423
3435
3423
3437
3391
3437
3422
3438
3439
3440
3406
3441
3438
3442
3438
3443
3444
3445
3394
3445
3446
3436
3447
3448
3449
3447
3400
3450
3451
3452
3453
3454
3410
3455
3456
3457
3458
3459
3409
3460
3439
3461
3410
3462
3449
3462
3463
3464
3465
3419
3466
3413
3466
3467
3468
3432
3469
3417
3420
3468
3471
3472
3428
3473
3474
3473
3475
3476
3477
3478
3427
3472
3435
3471
3476
3479
3430
3480
3481
3482
3483
3482
3484
3440
3440
3485
3486
3445
3487
3488
3443
3489
3486
3486
3490
3452
3457
3491
3491
3491
3492
3448
3493
3494
3495
3453
3452
3464
3496
3493
3497
3465
3497
3498
3458
3500
3501
3464
3502
3499
3503
3460
3503
3504
3487
3489
3501
3505
3498
3504
3506
3507
3505
3508
3469
3510
3510
3512
3513
3512
3515
3516
3517
3476
3515
3518
3515
3519
3473
3520
3521
3475
3480
3510
3512
3521
3522
3478
3479
3524
3525
3526
3527
3528
3530
3531
3517
3531
3532
3483
3533
3516
3534
3534
3535
3488
3490
3539
3540
3488
3541
3542
3490
3543
3545
3546
3546
3494
3547
3548
3505
3547
3549
3507
3547
3550
3551
3552
3543
3553
3502
3554
3555
3543
3554
3546
3556
3557
3558
3559
3560
3561
3507
3562
3563
3556
3509
3551
3564
3565
3567
3516
3568
3569
3569
3570
3571
3568
3571
3572
3573
3567
3573
3575
3576
3520
3578
3579
3529
3580
3530
3581
3523
3528
3576
3577
3582
3540
3583
3584
3527
3537
3585
3539
3584
3585
3579
3586
3583
3587
3588
3567
3589
3534
3590
3591
3536
3591
3592
3593
3542
3594
3595
3596
3544
3545
3546
3554
3597
3596
3597
3598
3595
3598
3599
3600
3599
3601
3552
3602
3603
3565
3604
3604
3605
3606
3607
3558
3608
3609
3566
3608
3610
3559
3611
3562
3612
3565
3613
3564
3601
3608
3614
3605
3614
3615
3616
3570
3617
3618
3572
3619
3620
3621
3621
3622
3623
3624
3591
3617
3575
3626
3627
3624
3628
3577
3628
3580
3623
3629
3593
3630
3581
3588
3619
3583
3631
3632
3595
3633
3634
3635
3587
3635
3636
3632
3637
3638
3620
3638
3639
3640
3642
3643
3597
3644
3634
3645
3607
3606
3644
3600
3646
3647
3615
3648
3604
3646
3649
3650
3648
3651
3653
3645
3654
3655
3654
3656
3657
3611
3658
3659
3660
3613
3659
3661
3616
3663
3646
3664
3666
3667
3621
3668
3669
3623
3670
3670
3671
3672
3627
3673
3674
3627
3675
3626
3678
3679
3680
3681
3682
3637
3680
3674
3684
3684
3685
3686
3633
3687
3635
3688
3689
3690
3685
3690
3691
3691
3692
3670
3640
3641
3694
3642
3668
3669
3695
3696
3697
3697
3645
3700
3701
3702
3702
3703
3704
3651
3667
3703
3663
3653
3705
3686
3700
3699
3706
3656
3699
3707
3660
3708
3709
3710
3662
3711
3710
3712
3663
3667
3713
3714
3715
3716
3715
3718
3719
3669
3720
3721
3722
3672
3693
3723
3720
3724
3676
3682
3724
3675
3722
3725
3726
3683
3727
3721
3727
3728
3680
3729
3730
3731
3732
3730
3733
3734
3725
3734
3735
3736
3737
3737
3687
3688
3738
3700
3739
3690
3740
3741
3726
3742
3732
3738
3742
3698
3743
3744
3744
3745
3698
3720
3746
3743
3747
3748
3706
3740
3748
3704
3716
3749
3750
3710
3751
3752
3709
3753
3708
3754
3755
3752
3756
3757
3712
3758
3759
3755
3760
3759
3761
3762
3758
3764
3765
3766
3719
3769
3770
3749
3762
3721
3771
3772
3724
3772
3773
3727
3772
3774
3737
3775
3776
3777
3778
3781
3782
3736
3784
3781
3784
3733
3782
3785
3786
3736
3787
3789
3790
3791
3790
3792
3793
3741
3748
3793
3741
3753
3794
3794
3795
3796
3797
3771
3798
3747
3799
3796
3752
3801
3765
3802
3757
3803
3804
3805
3756
3807
3808
3809
3810
3804
3811
3760
3812
3813
3810
3814
3815
3816
3806
3817
3818
3770
3812
3819
3766
3821
3821
3822
3768
3769
3823
3822
3824
3825
3826
3818
3827
3778
3799
3828
3775
3787
3829
3795
3777
3791
3830
3831
3832
3779
3833
3834
3792
3800
3835
3792
3836
3837
3838
3839
3840
3836
3839
3841
3787
3795
3841
3842
3789
3843
3844
3845
3846
3840
3847
3846
3848
3849
3794
3850
3851
3852
3853
3854
3798
3853
3856
3857
3856
3858
3859
3802
3826
3860
3861
3804
3862
3863
3850
3811
3851
3864
3810
3809
3862
3865
3865
3866
3816
3867
3868
3866
3869
3814
3870
3815
3871
3818
3872
3820
3873
3862
3873
3874
3874
3875
3876
3861
3877
3878
3879
3880
3881
3882
3827
3880
3883
3877
3884
3875
3885
3830
3886
3887
3888
3833
3887
3889
3890
3891
3858
3892
3893
3836
3839
3894
3849
3895
3840
3845
3896
3897
3898
3899
3900
3847
3886
3899
3845
3901
3891
3902
3891
3903
3904
3905
3888
3904
3906
3859
3907
3869
3907
3852
3869
3900
3856
3908
3908
3857
3909
3910
3911
3912
3913
3863
3915
3916
3877
3918
3919
3907
3919
3866
3920
3921
3921
3922
3923
3924
3872
3923
3925
3926
3871
3876
3927
3928
3929
3927
3930
3922
3931
3885
3930
3932
3933
3932
3934
3935
3881
3936
3882
3937
3933
3937
3938
3938
3884
3939
3940
3916
3941
3940
3942
3943
3912
3944
3945
3890
3892
3946
3893
3947
3948
3893
3949
3950
3915
3952
3896
3952
3953
3898
3955
3898
3952
3956
3905
3956
3957
3926
3957
3958
3903
3955
3958
3948
3960
3943
3961
3956
3961
3945
3960
3962
3926
3963
3964
3963
3965
3966
3964
3966
3967
3965
3967
3968
3931
3969
3917
3940
3970
3969
3971
3924
3971
3972
3929
3973
3974
3975
3976
3975
3977
3971
3974
3978
3979
3974
3980
3977
3981
3969
3982
3983
3984
3985
3986
3936
3941
3970
3987
3988
3939
3989
3988
3990
3992
3993
3994
3992
3995
3981
3983
3996
3945
3946
3998
3999
3948
3998
4000
3959
3968
4001
4002
3951
4001
4004
4004
4005
4006
4006
4007
4008
4005
4009
4010
3997
4010
3959
4011
4003
3998
4009
3962
4012
4009
4013
4014
4015
4016
4017
4016
4018
4020
3987
4021
4022
4022
4023
4024
3982
4025
4026
4027
4028
4026
4029
3981
3983
4027
4030
4025
4030
4031
4029
4020
4032
4035
4035
4036
4037
3989
4034
4037
4036
4038
4039
3992
4040
4041
4042
4043
4044
4043
4045
4042
4046
4047
3996
4047
4021
4048
4049
4051
4002
4050
4052
4003
4053
4014
4054
4018
4055
4057
4020
4058
4059
4060
4032
4060
4019
4061
4062
4049
4058
4057
4061
4049
4063
4062
4063
4017
4064
4064
4017
4065
4066
4067
4068
4032
4033
4022
4069
4058
4070
4026
4032
4071
4071
4028
4072
4029
4073
4033
4074
4072
4075
4076
4077
4078
4079
4080
4081
4081
4082
4083
4040
4069
4044
4084
4085
4086
4087
4089
4090
4046
4084
4092
4093
4079
4093
4070
4067
4052
4094
4095
4096
4097
4095
4098
4099
4055
4056
4100
4101
4102
4103
4104
4105
4070
4062
4106
4107
4061
4108
4110
4111
4107
4100
4112
4066
4113
4114
4101
4113
4107
4075
4115
4116
4117
4117
4083
4119
4120
4121
4120
4122
4123
4081
4124
4080
4116
4125
4082
4126
4127
4128
4129
4086
4130
4127
4131
4088
4132
4133
4093
4134
4092
4133
4135
4136
4091
4137
4138
4131
4137
4139
4136
4140
4141
4111
4142
4143
4143
4144
4145
4146
4102
4144
4147
4105
4143
4148
4149
4150
4151
4152
4153
4103
4154
4149
4155
4150
4155
4156
4108
4157
4158
4110
4115
4159
4160
4156
4160
4158
4161
4114
4151
4153
4162
4157
4163
4122
4164
4118
4165
4166
4166
4167
4123
4163
4167
4168
4168
4169
4170
4164
4171
4172
4172
4173
4167
4174
4129
4171
4174
4170
4175
4134
4173
4175
4141
4177
4178
4179
4135
4180
4181
4179
4182
4183
4184
4183
4185
4186
4185
4187
4184
4188
4145
4161
4189
4190
4149
4191
4192
4147
4192
4154
4193
4194
4195
4196
4162
4197
4154
4198
4162
4199
4200
4195
4201
4158
4203
4204
4205
4203
4206
4204
4207
4169
4208
4209
4209
4205
4211
4212
4208
4213
4206
4214
4215
4216
4217
4218
4218
4219
4220
4221
4219
4222
4221
4178
4216
4223
4180
4224
4184
4225
4222
4226
4227
4225
4228
4229
4186
4230
4231
4232
4233
4229
4232
4234
4190
4235
4236
4191
4237
4193
4238
4236
4236
4239
4237
4240
4241
4197
4242
4243
4244
4245
4207
4244
4201
4239
4245
4246
4247
4203
4248
4249
4250
4206
4252
4253
4254
4210
4255
4210
4252
4256
4257
4213
4220
4257
4255
4258
4253
4259
4260
4221
4261
4222
4262
4220
4255
4264
4219
4265
4266
4267
4267
4268
4270
4271
4225
4271
4272
4273
4272
4274
4275
4275
4276
4277
4277
4278
4232
4279
4280
4234
4273
4280
4281
4279
4282
4284
4250
4285
4286
4287
4286
4288
4241
4288
4289
4289
4290
4248
4292
4247
4293
4243
4246
4294
4254
4295
4296
4297
4296
4298
4289
4299
4301
4253
4301
4302
4302
4303
4252
4300
4304
4304
4295
4306
4269
4307
4308
4259
4308
4309
4310
4311
4305
4310
4312
4262
4313
4314
4268
4270
4314
4315
4265
4316
4317
4266
4318
4307
4313
4274
4319
4307
4320
4322
4323
4276
4324
4325
4326
4278
4327
4328
4329
4325
4330
4332
4280
4333
4334
4335
4336
4335
4337
4334
4337
4339
4327
4340
4341
4342
4292
4343
4290
4291
4344
4345
4297
4346
4293
4347
4348
4349
4350
4298
4296
4351
4352
4353
4354
4355
4350
4356
4357
4359
4348
4359
4312
4348
4312
4341
4360
4311
4359
4360
4309
4317
4361
4311
4361
4362
4363
4362
4364
4365
4366
4367
4368
4323
4367
4369
4368
4371
4372
4371
4319
4372
4328
4373
4358
4370
4374
4323
4376
4324
4329
4377
4378
4326
4379
4327
4380
4329
4380
4381
4382
4383
4383
4331
4379
4384
4385
4333
4338
4384
4386
4387
4336
4388
4389
4390
4391
4339
4391
4392
4393
4394
4395
4396
4344
4349
4396
4347
4398
4346
4357
4398
4399
4400
4401
4402
4403
4404
4405
4354
4405
4406
4400
4407
4408
4356
4408
4409
4410
4411
4412
4413
4413
4374
4414
4415
4371
4416
4417
4366
4418
4419
4374
4413
4419
4393
4420
4414
4421
4373
4421
4370
4424
4425
4373
4426
4425
4376
4385
4378
4422
4378
4427
4428
4429
4428
4430
4431
4432
4386
4432
4433
4434
4435
4436
4428
4437
4436
4438
4390
4438
4439
4389
4390
4439
4440
4439
4441
4394
4397
4395
4443
4444
4445
4446
4447
4448
4449
4399
4449
4450
4445
4451
4452
4453
4404
4450
4403
4420
4455
4448
4454
4411
4456
4407
4456
4457
4452
4457
4458
4412
4457
4459
4450
4460
4452
4461
4455
4417
4425
4416
4462
4463
4421
4464
4443
4462
4465
4466
4467
4447
4467
4468
4469
4424
4470
4471
4472
4472
4473
4474
4475
4433
4476
4477
4477
4468
4476
4478
4432
4436
4479
4434
4480
4480
4474
4481
4482
4483
4484
4485
4486
4487
4488
4489
4490
4489
4491
4446
4492
4449
4493
4491
4494
4448
4495
4496
4497
4498
4453
4499
4500
4500
4502
4467
4503
4504
4505
4506
4461
4507
4508
4461
4509
4510
4511
4512
4512
4513
4468
4513
4514
4466
4515
4516
4517
4518
4519
4475
4470
4478
4520
4521
4514
4517
4522
4523
4513
4522
4522
4525
4526
4527
4520
4528
4526
4529
4530
4529
4482
4523
4531
4532
4535
4535
4536
4537
4527
4538
4539
4537
4540
4488
4490
4540
4541
4542
4541
4543
4545
4494
4546
4547
4497
4499
4547
4545
4548
4519
4548
4549
4502
4549
4550
4498
4550
4510
4551
4552
4553
4511
4554
4502
4551
4555
4556
4557
4558
4506
4557
4559
4560
4561
4509
4562
4559
4562
4563
4553
4564
4553
4565
4516
4567
4520
4568
4545
4569
4570
4567
4571
4568
4572
4519
4569
4572
4556
4574
4556
4572
4576
4577
4578
4573
4579
4528
4580
4581
4531
4582
4582
4583
4584
4585
4532
4536
4582
4586
4532
4587
4534
4538
4588
4590
4591
4591
4592
4593
4594
4588
4595
4583
4596
4597
4598
4600
4543
4544
4601
4598
4602
4589
4603
4605
4606
4607
4569
4608
4608
4609
4551
4607
4611
4610
4612
4613
4612
4614
4609
4566
4616
4617
4617
4618
4619
4619
4620
4616
4620
4621
4622
4565
4618
4623
4611
4625
4626
4614
4627
4609
4628
4568
4629
4630
4631
4571
4632
4633
4629
4634
4584
4585
4630
4635
4635
4636
4628
4637
4578
4581
4638
4587
4584
4596
4639
4583
4596
4640
4640
4641
4642
4642
4643
4644
4645
4592
4604
4646
4647
4591
4648
4590
4649
4593
4650
4651
4594
4652
4598
4653
4599
4654
4597
4655
4656
4656
4657
4658
4659
4602
4660
4659
4661
4660
4662
4606
4664
4665
4613
4667
4608
4667
4668
4669
4663
4670
4615
4671
4626
4627
4665
4672
4674
4675
4676
4677
4677
4678
4622
4679
4680
4681
4624
4682
4683
4683
4684
4685
4686
4687
4688
4672
4689
4686
4690
4669
4638
4691
4634
4691
4633
4634
4692
4693
4691
4694
4637
4637
4644
4643
4695
4692
4641
4656
4697
4647
4698
4645
4699
4646
4647
4644
4700
4701
4691
4702
4703
4704
4704
4651
4655
4706
4707
4708
4708
4709
4710
4710
4711
4703
4711
4712
4709
4713
4714
4712
4714
4715
4716
4717
4715
4717
4718
4713
4719
4720
4722
4719
4720
4722
4707
4723
4665
4724
4666
4725
4726
4727
4693
4671
4728
4669
4692
4728
4673
4690
4729
4672
4730
4731
4733
4730
4733
4734
4735
4734
4736
4736
4679
4737
4738
4680
4739
4735
4741
4741
4684
4687
4742
4743
4744
4745
4738
4745
4746
4744
4747
4688
4689
4744
4748
4732
4747
4749
4694
4750
4751
4700
4697
4752
4753
4699
4754
4755
4756
4752
4757
4702
4757
4758
4751
4756
4718
4759
4760
4706
4762
4763
4764
4765
4766
4766
4767
4768
4769
4765
4770
4770
4771
4772
4773
4768
4771
4774
4764
4774
4775
4753
4754
4771
4776
4773
4777
4721
4778
4777
4779
4723
4780
4782
4783
4727
4729
4750
4784
4785
4727
4785
4786
4784
4787
4788
4787
4789
4786
4789
4790
4787
4791
4791
4792
4737
4791
4793
4739
4794
4743
4795
4796
4797
4798
4799
4743
4745
4800
4801
4802
4803
4794
4804
4805
4806
4807
4790
4796
4802
4750
4758
4784
4810
4809
4810
4811
4813
4814
4815
4776
4816
4760
4817
4816
4818
4813
4819
4810
4819
4760
4817
4775
4812
4767
4820
4821
4822
4822
4823
4767
4823
4769
4824
4825
4772
4826
4783
4827
4772
4828
4829
4830
4783
4831
4829
4832
4822
4832
4817
4833
4779
4834
4834
4835
4836
4835
4836
4837
4838
4839
4840
4841
4788
4841
4839
4843
4844
4797
4845
4797
4843
4846
4798
4847
4794
4848
4849
4799
4801
4850
4851
4852
4854
4854
4803
4808
4855
4855
4806
4856
4857
4858
4807
4859
4857
4859
4860
4843
4861
4862
4863
4818
4865
4866
4867
4814
4815
4868
4832
4869
4816
4870
4871
4872
4853
4873
4821
4825
4875
4876
4875
4828
4877
4874
4878
4879
4877
4878
4827
4880
4879
4881
4829
4882
4883
4880
4882
4884
4885
4871
4883
4886
4887
4887
4889
4889
4890
4838
4891
4892
4881
4884
4845
4853
4866
4893
4894
4845
4893
4895
4896
4897
4896
4897
4898
4899
4847
4900
4901
4850
4860
4901
4902
4903
4904
4905
4906
4899
4864
4908
4902
4858
4861
4904
4909
4910
4909
4911
4862
4912
4910
4913
4897
4914
4914
4915
4911
4919
4920
4921
4873
4921
4868
4923
4924
4870
4885
4925
4871
4924
4926
4920
4926
4923
4928
4929
4932
4877
4933
4934
4935
4930
4936
4937
4938
4937
4938
4939
4935
4940
4885
4940
4892
4939
4942
4927
4943
4944
4888
4945
4892
4946
4947
4931
4948
4931
4932
4949
4950
4928
4951
4921
4952
4915
4954
4955
4956
4951
4955
4957
4916
4928
4908
4959
4958
4910
4960
4908
4959
4961
4911
4962
4916
4963
4907
4956
4963
4962
4919
4914
4964
4965
4966
4913
4967
4968
4954
4954
4969
4970
4971
4973
4973
4974
4975
4925
4976
4977
4971
4978
4979
4980
4979
4981
4943
4982
4970
4930
4983
4984
4986
4938
4987
4934
4942
4988
4985
4936
4989
4937
4990
4991
4992
4994
4944
4995
4944
4996
4997
4998
4999
5000
5001
5002
4950
5002
5001
5003
5003
5004
4986
5005
5006
5005
5007
4952
5008
5009
4955
5010
5011
5012
4962
5013
5012
5013
5014
4959
5015
4961
4972
5016
4973
5017
5019
5020
4965
4966
5021
5016
5022
5018
5023
4968
4969
5022
5024
5025
4971
5027
5028
5030
5031
4975
4982
5032
4978
5009
4979
5033
4981
5033
4980
5035
5036
4982
5037
4998
5036
5038
5039
5040
5040
5041
5042
5042
5004
5043
4992
5039
5044
4989
4997
5045
4990
4995
5041
5046
4993
5046
5047
5047
5048
5048
5049
4997
5050
5000
5051
5034
5051
5000
5052
5050
5053
5053
5054
5054
5055
5056
5057
5044
5056
5058
5049
5056
5014
5027
5059
5059
5060
5062
5021
5025
5063
5062
5063
5064
5065
5065
5066
5067
5068
5030
5069
5068
5070
5071
5030
5023
5064
5072
5027
5065
5073
5023
5076
5076
5077
5078
5079
5076
5080
5073
5081
5028
5035
5082
5082
5083
5084
5071
5060
5086
5036
5087
5059
5088
5089
5038
5088
5089
5052
5086
5091
5092
5090
5093
5045
5095
5045
5055
5096
5098
5099
5100
5095
5101
5102
5103
5098
5102
5098
5104
5105
5100
5106
5105
5107
5057
5108
5057
5111
5112
5113
5114
5096
5099
5115
5116
5116
5080
5117
5118
5064
5118
5119
5120
5116
5121
5122
5124
5124
5125
5070
5077
5126
5127
5128
5085
5129
5078
5130
5082
5120
5130
5078
5131
5133
5134
5135
5136
5123
5134
5118
5137
5139
5140
5141
5142
5126
5128
5143
5107
5145
5100
5146
5140
5145
5106
5142
5148
5094
5099
5150
5093
5103
5151
5152
5153
5097
5156
5152
5157
5097
5158
5159
5160
5161
5162
5104
5163
5164
5152
5165
5166
5106
5167
5168
5144
5169
5110
5114
5170
5113
5171
5172
5173
5173
5174
5115
5175
5172
5175
5176
5177
5145
5122
5178
5179
5130
5139
5180
5139
5181
5181
5182
5183
5184
5125
5185
5186
5127
5187
5128
5188
5134
5189
5190
5185
5191
5192
5132
5194
5188
5135
5136
5196
5197
5197
5198
5194
5199
5179
5196
5200
5141
5201
5204
5142
5205
5147
5206
5206
5191
5207
5208
5182
5210
5210
5153
5154
5211
5211
5212
5151
5161
5213
5165
5214
5215
5216
5217
5155
5218
5219
5213
5219
5220
5163
5215
5221
5174
5176
5222
5220
5223
5224
5161
5164
5177
5168
5210
5221
5166
5225
5165
5226
5167
5169
5228
5206
5228
5229
5230
5231
5175
5231
5233
5234
5234
5235
5236
5236
5237
5232
5238
5179
5240
5241
5180
5192
5242
5204
5205
5205
5243
5184
5244
5245
5241
5246
5187
5246
5247
5198
5248
5190
5247
5249
5208
5248
5250
5251
5199
5252
5252
5253
5198
5254
5254
5256
5199
5257
5249
5258
5259
5260
5240
5261
5202
5262
5263
5264
5264
5265
5242
5265
5266
5266
5250
5267
5268
5269
5212
5262
5212
5217
5270
5271
5214
5272
5216
5273
5274
5275
5219
5276
5274
5277
5278
5278
5279
5280
5228
5271
5223
5281
5282
5283
5284
5285
5286
5275
5227
5275
5287
5288
5243
5288
5289
5289
5290
5291
5234
5236
5290
5294
5282
5295
5292
5238
5281
5296
5272
5291
5256
5297
5244
5298
5244
5299
5245
5300
5301
5302
5303
5251
5304
5268
5305
5259
5297
5259
5306
5307
5268
5308
5260
5309
5311
5312
5260
5315
5316
5317
5317
5318
5258
5261
5319
5320
5321
5322
5323
5314
5324
5266
5325
5326
5313
5325
5325
5327
5300
5328
5329
5330
5328
5331
5332
5333
5274
5334
5279
5335
5276
5287
5336
5337
5338
5339
5340
5339
5341
5342
5280
5343
5284
5345
5285
5346
5284
5347
5348
5349
5286
5348
5350
5351
5352
5353
5355
5356
5300
5334
5303
5357
5293
5358
5293
5296
5359
5295
5360
5361
5362
5347
5332
5364
5365
5301
5309
5327
5326
5365
5366
5366
5367
5368
5369
5308
5306
5370
5320
5371
5329
5372
5372
5373
5312
5374
5375
5376
5316
5377
5375
5377
5378
5379
5318
5321
5380
5381
5382
5364
5382
5322
5383
5384
5385
5364
5371
5374
5380
5386
5326
5334
5387
5388
5367
5375
5389
5363
5390
5391
5392
5331
5370
5373
5393
5394
5363
5395
5396
5398
5336
5345
5399
5400
5401
5338
5341
5398
5354
5402
5356
5403
5343
5400
5403
5402
5404
5396
5405
5406
5346
5407
5407
5408
5409
5410
5409
5411
5412
5413
5414
5361
5413
5415
5353
5416
5417
5412
5417
5418
5411
5419
5420
5420
5421
5401
5402
5422
5398
5423
5359
5360
5424
5425
5425
5426
5427
5430
5395
5386
5431
5389
5432
5388
5433
5432
5434
5435
5423
5435
5393
5385
5436
5437
5437
5384
5438
5440
5440
5438
5440
5379
5441
5397
5442
5383
5443
5438
5443
5446
5443
5447
5385
5448
5386
5449
5450
5451
5433
5442
5452
5389
5441
5453
5391
5394
5454
5455
5456
5455
5436
5457
5456
5458
5436
5459
5397
5408
5452
5401
5409
5462
5463
5464
5465
5405
5452
5466
5442
5467
5408
5465
5468
5465
5469
5460
5470
5418
5471
5470
5472
5473
5424
5474
5415
5475
5476
5426
5477
5476
5478
5479
5478
5480
5481
5472
5482
5483
5484
5479
5485
5463
5486
5487
5425
5488
5427
5489
5428
5490
5491
5430
5492
5454
5493
5432
5494
5495
5434
5496
5497
5498
5497
5500
5456
5499
5501
5502
5503
5502
5496
5504
5496
5505
5445
5506
5446
5507
5508
5459
5505
5506
5449
5450
5509
5451
5510
5511
5512
5487
5502
5504
5513
5514
5515
5516
5517
5518
5458
5500
5514
5519
5493
5520
5522
5469
5464
5524
5525
5466
5486
5526
5527
5528
5529
5468
5530
5531
5532
5533
5472
5534
5471
5525
5536
5537
5538
5474
5539
5540
5541
5541
5542
5540
5542
5543
5544
5545
5546
5547
5481
5484
5548
5537
5483
5549
5550
5485
5551
5537
5551
5552
5553
5554
5497
5529
5555
5490
5555
5556
5557
5557
5558
5558
5560
5512
5561
5498
5513
5561
5562
5563
5564
5565
5518
5520
5567
5507
5510
5568
5568
5504
5562
5508
5509
5508
5558
5571
5572
5573
5574
5575
5576
5577
5567
5574
5577
5578
5564
5579
5560
5580
5516
5559
5581
5582
5582
5583
5566
5583
5566
5584
5560
5585
5522
5587
5523
5532
5588
5536
5589
5527
5590
5591
5533
5592
5530
5554
5593
5594
5595
5562
5596
5597
5597
5598
5594
5599
5538
5588
5592
5549
5600
5602
5603
5550
5589
5540
5545
5547
5604
5545
5605
5556
5606
5607
5548
5608
5609
5608
5553
5609
5610
5611
5612
5613
5552
5615
5615
5616
5617
5618
5601
5619
5617
5619
5591
5620
5620
5621
5622
5625
5626
5628
5629
5630
5564
5565
5596
5629
5631
5632
5585
5579
5633
5633
5634
5572
5635
5573
5576
5636
5633
5637
5575
5638
5585
5640
5576
5641
5642
5630
5643
5644
5630
5645
5584
5628
5646
5646
5647
5648
5586
5648
5649
5650
5651
5652
5597
5634
5598
5654
5590
5655
5592
5656
5594
5656
5599
5657
5658
5657
5659
5660
5659
5661
5661
5599
5662
5658
5663
5664
5665
5603
5655
5614
5618
5623
5669
5670
5607
5669
5671
5621
5672
5668
5673
5613
5674
5675
5676
5677
5670
5677
5678
5617
5679
5680
5663
5681
5618
5655
5682
5683
5684
5685
5686
5687
5622
5688
5689
5690
5689
5627
5639
5691
5638
5691
5692
5647
5693
5694
5651
5692
5695
5696
5657
5659
5695
5649
5697
5698
5698
5699
5637
5700
5701
5699
5702
5701
5703
5704
5705
5641
5706
5642
5703
5643
5707
5644
5708
5661
5698
5710
5650
5711
5712
5713
5652
5714
5714
5697
5715
5716
5712
5717
5654
5663
5720
5721
5658
5722
5723
5724
5724
5725
5726
5727
5720
5723
5728
5729
5666
5730
5667
5685
5731
5732
5733
5689
5734
5735
5673
5734
5736
5736
5737
5674
5733
5738
5739
5685
5740
5739
5740
5741
5741
5679
5680
5683
5742
5684
5682
5743
5744
5721
5745
5684
5686
5745
5746
5744
5747
5688
5737
5748
5749
5748
5750
5704
5751
5716
5752
5694
5713
5753
5754
5755
5696
5708
5756
5714
5757
5758
5759
5702
5707
5761
5759
5761
5758
5762
5706
5763
5759
5764
5765
5709
5716
5763
5767
5767
5768
5769
5770
5727
5756
5757
5713
5772
5773
5774
5775
5776
5777
5770
5774
5776
5719
5779
5781
5729
5782
5722
5783
5726
5783
5727
5756
5784
5785
5786
5728
5785
5728
5782
5743
5787
5787
5788
5789
5732
5790
5791
5792
5793
5741
5792
5794
5795
5796
5742
5797
5798
5792
5798
5799
5800
5801
5802
5783
5803
5745
5804
5747
5799
5805
5802
5806
5807
5750
5808
5809
5752
5755
5764
5772
5810
5811
5812
5772
5813
5815
5762
5779
5817
5818
5818
5819
5820
5763
5818
5815
5817
5769
5821
5822
5814
5822
5823
5820
5823
5815
5824
5824
5771
5825
5810
5824
5826
5827
5775
5777
5827
5778
5828
5829
5830
5831
5832
5834
5781
5819
5788
5835
5782
5836
5837
5838
5838
5839
5815
5840
5841
5842
5843
5844
5845
5790
5844
5846
5847
5848
5805
5848
5849
5851
5795
5851
5852
5853
5854
5855
5807
5856
5857
5858
5858
5859
5801
5860
5854
5858
5861
5804
5843
5862
5863
5864
5865
5863
5865
5866
5867
5809
5852
5868
5867
5869
5825
5870
5829
5833
5871
5813
5814
5872
5822
5873
5874
5831
5832
5819
5875
5821
5876
5877
5825
5878
5879
5880
5881
5841
5882
5841
5883
5884
5885
5830
5886
5887
5888
5889
5888
5890
5886
5890
5891
5887
5892
5893
5837
5893
5895
5839
5842
5897
5898
5899
5875
5883
5898
5845
5900
5846
5901
5902
5903
5893
5904
5905
5906
5907
5908
5909
5910
5850
5911
5912
5853
5913
5855
5914
5914
5916
5917
5856
5918
5867
5919
5913
5921
5922
5864
5922
5923
5917
5920
5923
5866
5924
5897
5901
5905
5911
5925
5909
5925
5926
5927
5928
5929
5927
5929
5884
5930
5932
5874
5931
5933
5885
5933
5934
5880
5876
5878
5877
5895
5881
5936
5879
5882
5881
5934
5937
5938
5883
5939
5940
5941
5941
5942
5890
5943
5891
5944
5891
5945
5932
5942
5946
5947
5948
5944
5950
5951
5896
5903
5952
5898
5953
5907
5955
5899
5956
5900
5956
5901
5957
5906
5904
5958
5959
5907
5959
5957
5960
5909
5961
5958
5961
5962
5910
5954
5962
5963
5912
5963
5964
5965
5954
5966
5967
5968
5915
5969
5928
5970
5967
5971
5972
5972
5919
5973
5974
5964
5922
5975
5976
5924
5964
5977
5926
5975
5926
5978
5979
5980
5981
5982
5939
5941
5983
5984
5984
5985
5937
5986
5938
5939
5987
5988
5953
5988
5989
5938
5991
5989
5993
5956
5994
5995
5986
5996
5944
5997
5998
5946
5999
6000
6001
6002
6000
6003
5949
6005
6006
5998
5953
5960
5988
6007
6008
6009
6010
6011
6012
6013
5958
6014
6015
6016
6017
6018
6019
6020
6012
6021
6022
6023
6024
5966
5978
6025
6022
6026
5976
6027
5970
6028
6029
5981
6030
6027
6028
6031
5977
6032
6029
6034
5980
6035
6037
5977
6038
6039
5979
6022
6040
6041
6042
6043
6042
6043
5993
6044
5986
6045
6046
6047
6048
6049
6050
6051
6052
5991
5992
6048
6053
6054
5994
6055
6056
5996
6057
6002
6058
6003
6059
6006
6060
6001
6005
6061
6062
6047
6063
6004
6064
6065
6066
6067
6068
6011
6069
6017
6049
6069
6013
6018
6052
6012
6070
6071
6072
6014
6056
6018
6074
6020
6074
6075
6021
6075
6076
6019
6076
6077
6050
6077
6023
6072
6078
6079
6078
6080
6025
6036
6081
6082
6083
6082
6084
6085
6087
6088
6089
6090
6091
6093
6032
6087
6094
6095
6096
6096
6035
6091
6098
6086
6099
6038
6041
6100
6039
6101
6081
6095
6079
6102
6083
6102
6098
6103
6104
6057
6105
6046
6048
6108
6107
6109
6110
6050
6054
6051
6053
6112
6055
6112
6054
6113
6114
6056
6105
6115
6110
6115
6116
6060
6117
6068
6062
6066
6118
6065
6119
6064
6109
6120
6116
6121
6117
6122
6123
6106
6122
6123
6124
6114
6125
6085
6126
6072
6125
6127
6128
6129
6130
6131
6078
6131
6125
6132
6112
6132
6133
6080
6084
6134
6083
6135
6136
6137
6136
6138
6139
6137
6140
6137
6101
6141
6094
6142
6143
6090
6143
6144
6103
6144
6093
6145
6146
6142
6147
6148
6149
6101
6150
6146
6151
6104
6103
6153
6154
6155
6156
6157
6139
6156
6158
6159
6160
6161
6107
6162
6163
6109
6165
6166
6167
6113
6166
6114
6164
6160
6168
6169
6170
6169
6171
6166
6171
6123
6172
6173
6174
6175
6176
6167
6175
6177
6177
6178
6174
6180
6181
6181
6182
6140
6183
6128
6129
6184
6183
6185
6183
6186
6186
6187
6188
6132
6189
6190
6134
6185
6191
6192
6150
6154
6193
6139
6194
6195
6192
6196
6197
6198
6196
6199
6157
6200
6201
6148
6202
6203
6204
6205
6148
6206
6207
6208
6200
6208
6209
6151
6210
6152
6211
6154
6212
6214
6215
6157
6201
6216
6217
6210
6204
6214
6219
6213
6219
6220
6169
6221
6221
6163
6222
6223
6165
6170
6224
6168
6223
6225
6170
6226
6226
6182
6178
6226
6179
6227
6176
6228
6229
6222
6230
6229
6231
6232
6233
6234
6235
6236
6181
6237
6238
6239
6240
6196
6186
6240
6242
6192
6242
6243
6244
6245
6246
6247
6190
6191
6221
6239
6248
6249
6194
6251
6252
6198
6253
6253
6254
6255
6198
6256
6257
6217
6254
6255
6258
6259
6207
6260
6261
6204
6260
6262
6263
6264
6211
6263
6265
6266
6267
6265
6269
6259
6251
6270
6270
6271
6271
6272
6268
6273
6274
6252
6272
6217
6251
6275
6218
6276
6277
6278
6279
6279
6280
6281
6231
6282
6231
6283
6225
6241
6245
6283
6285
6281
6238
6287
6288
6289
6290
6234
6291
6237
6282
6290
6292
6236
6289
6235
6293
6294
6294
6286
6287
6295
6296
6281
6297
6245
6298
6299
6300
6247
6255
6301
6246
6302
6285
6303
6304
6300
6305
6250
6256
6299
6306
6253
6307
6308
6308
6257
6277
6309
6308
6310
6265
6270
6311
6278
6312
6269
6313
6314
6315
6315
6316
6317
6318
6319
6268
6278
6320
6318
6321
6322
6315
6323
6307
6280
6279
6324
6276
6325
6326
6327
6328
6329
6330
6286
6331
6284
6332
6293
6333
6297
6334
6335
6291
6336
6337
6338
6339
6337
6340
6292
6341
6331
6332
6298
6343
6344
6296
6340
6346
6335
6347
6298
6305
6349
6351
6352
6349
6352
6310
6351
6353
6333
6354
6355
6304
6354
6353
6349
6322
6325
6356
6356
6357
6350
6310
6351
6358
6359
6360
6361
6362
6313
6363
6364
6365
6319
6366
6367
6368
6318
6367
6369
6319
6367
6370
6361
6371
6372
6365
6373
6323
6374
6356
6375
6376
6377
6374
6378
6327
6378
6358
6329
6372
6380
6330
6376
6372
6381
6337
6383
6384
6385
6384
6386
6388
6339
6388
6389
6390
6391
6392
6342
6389
6393
6340
6393
6394
6344
6391
6395
6344
6386
6396
6345
6347
6397
6398
6399
6400
6396
6357
6402
6404
6405
6406
6407
6408
6409
6384
6385
6410
6411
6411
6412
6413
6402
6412
6414
6379
6373
6415
6374
6379
6416
6380
6417
6366
6417
6418
6419
6420
6375
6400
6421
6415
6421
6422
6423
6424
6425
6426
6427
6428
6429
6430
6429
6431
6432
6430
6434
6435
6436
6383
6385
6437
6395
6395
6438
6396
6439
6440
6441
6442
6392
6442
6443
6444
6445
6394
6446
6447
6448
6448
6449
6450
6451
6449
6452
6440
6453
6454
6428
6455
6403
6457
6457
6458
6406
6459
6405
6460
6461
6451
6414
6462
6409
6461
6463
6410
6464
6438
6465
6437
6466
6454
6458
6431
6468
6433
6460
6468
6457
6469
6416
6470
6426
6471
6472
6472
6474
6475
6420
6476
6477
6422
6478
6427
6455
6479
6480
6478
6481
6475
6483
6482
6484
6427
6486
6487
6454
6487
6436
6488
6489
6458
6490
6486
6490
6491
6493
6494
6472
6495
6496
6484
6497
6498
6446
6499
6500
6501
6447
6502
6503
6445
6448
6504
6444
6505
6506
6450
6507
6506
6508
6509
6510
6511
6512
6466
6500
6501
6453
6513
6514
6516
6480
6487
6517
6518
6521
6516
6523
6494
6524
6501
6524
6463
6469
6523
6525
6526
6465
6466
6527
6500
6528
6506
6527
6529
6530
6531
6532
6521
6531
6479
6485
6533
6486
6492
6533
6534
6477
6485
6476
6535
6536
6495
6537
6538
6539
6479
6540
6518
6541
6542
6518
6543
6541
6495
6544
6519
6537
6545
6546
6546
6498
6547
6547
6548
6549
6550
6551
6532
6552
6553
6548
6554
6555
6556
6557
6558
6556
6508
6559
6560
6503
6509
6561
6514
6563
6564
6565
6566
6565
6567
6568
6569
6559
6570
6511
6562
6510
6571
6512
6566
6572
6513
6573
6514
6574
6575
6522
6576
6577
6550
6576
6520
6578
6579
6578
6580
6581
6522
6576
6582
6582
6583
6526
6584
6528
6585
6586
6531
6586
6569
6587
6587
6588
6589
6590
6591
6549
6591
6542
6555
6592
6592
6594
6595
6537
6538
6596
6597
6580
6598
6540
6594
6599
6593
6600
6580
6581
6543
6601
6546
6602
6545
6553
6557
6550
6604
6605
6551
6606
6607
6608
6610
6611
6612
6605
6611
6613
6604
6614
6611
6615
6614
6616
6588
6617
6584
6617
6563
6618
6572
6589
6619
6620
6621
6571
6622
6569
6623
6624
6570
6623
6625
6589
6626
6627
6628
6629
6574
6629
6630
6631
6619
6632
6633
6634
6635
6581
6602
6636
6637
6639
6641
6642
6585
6644
6646
6590
6647
6646
6648
6590
6649
6626
6650
6651
6653
6648
6655
6594
6656
6657
6658
6659
6597
6658
6660
6603
6612
6599
6639
6661
6662
6663
6663
6664
6665
6609
6664
6666
6666
6667
6669
6605
6670
6607
6655
6671
6633
6667
6671
6672
6646
6648
6673
6674
6668
6675
6674
6676
6677
6678
6616
6679
6680
6650
6628
6681
6682
6625
6683
6622
6684
6685
6686
6687
6649
6688
6651
6689
6690
6627
6691
6649
6692
6687
6693
6631
6686
6694
6695
6682
6695
6696
6634
6655
6637
6697
6642
6697
6698
6667
6699
6669
6700
6641
6700
6701
6702
6701
6703
6644
6704
6705
6645
6647
6706
6650
6707
6708
6709
6710
6711
6652
6693
6713
6707
6710
6714
6706
6712
6714
6715
6657
6716
6717
6718
6718
6719
6676
6661
6720
6721
6662
6722
6716
6723
6703
6724
6725
6726
6725
6727
6726
6728
6728
6720
6678
6728
6729
6729
6711
6731
6675
6732
6719
6733
6719
6734
6734
6735
6736
6737
6680
6732
6738
6736
6739
6682
6740
6741
6744
6684
6691
6745
6746
6686
6689
6747
6748
6740
6746
6690
6749
6750
6694
6751
6713
6752
6753
6711
6754
6755
6694
6748
6756
6756
6757
6758
6759
6702
6760
6759
6760
6761
6722
6762
6762
6763
6764
6726
6763
6765
6759
6765
6767
6766
6768
6768
6769
6709
6758
6769
6715
6731
6749
6754
6770
6770
6771
6768
6772
6758
6773
6721
6774
6774
6721
6776
6777
6722
6778
6779
6780
6724
6781
6782
6727
6783
6784
6785
6786
6787
6773
6789
6790
6790
6791
6735
6792
6792
6793
6794
6736
6795
6796
6797
6798
6798
6799
6748
6800
6742
6744
6801
6746
6802
6747
6803
6804
6805
6806
6807
6808
6772
6809
6753
6809
6810
6752
6807
6811
6771
6810
6803
6812
6791
6813
6814
6815
6815
6816
6817
6817
6765
6818
6787
6818
6819
6822
6824
6825
6818
6824
6826
6827
6828
6817
6829
6830
6828
6791
6830
6772
6831
6811
6832
6790
6833
6781
6834
6835
6777
6779
6835
6836
6837
6788
6838
6839
6839
6840
6822
6838
6841
6842
6783
6841
6843
6825
6844
6785
6786
6845
6787
6824
6844
6846
6789
6847
6833
6848
6849
6849
6850
6836
6851
6852
6853
6796
6853
6854
6797
6855
6856
6858
6855
6859
6805
6860
6861
6860
6862
6863
6816
6863
6865
6866
6805
6865
6867
6868
6808
6867
6869
6866
6869
6861
6870
6871
6872
6866
6873
6874
6814
6872
6875
6870
6877
6878
6819
6827
6829
6833
6821
6879
6880
6881
6884
6885
6883
6885
6886
6884
6886
6881
6887
6888
6829
6888
6830
6890
6891
6892
6893
6890
6893
6895
6896
6840
6897
6840
6898
6900
6901
6852
6898
6900
6902
6903
6904
6905
6906
6884
6907
6897
6908
6909
6907
6909
6910
6886
6911
6848
6912
6912
6913
6882
6905
6914
6915
6916
6851
6854
6857
6917
6918
6899
6919
6920
6921
6922
6856
6922
6858
6859
6923
6922
6924
6925
6926
6867
6926
6864
6925
6927
6877
6928
6929
6930
6931
6932
6925
6933
6876
6934
6935
6873
6895
6936
6874
6936
6937
6938
6916
6939
6935
6940
6940
6881
6888
6942
6943
6943
6901
6902
6944
6946
6902
6946
6887
6911
6947
6948
6890
6893
6949
6950
6892
6896
6948
6915
6951
6952
6937
6953
6954
6915
6955
6906
6956
6899
6957
6958
6917
6959
6905
6959
6960
6904
6960
6961
6906
6962
6963
6964
6961
6965
6966
6967
6961
6966
6911
6968
6969
6913
6970
6969
6971
6955
6970
6972
6972
6973
6974
6975
6920
6974
6976
6921
6974
6977
6978
6979
6979
6980
6981
6935
6982
6928
6983
6984
6985
6933
6986
6931
6932
6986
6934
6938
6934
6982
6987
6988
6989
6990
6991
6954
6992
6992
6993
6991
6995
6996
6997
6998
6999
7000
6999
7003
7004
6947
7005
7001
7007
7008
6947
6965
6968
7003
7009
7010
7011
6951
6953
7011
6996
7003
6954
7010
6991
7013
7014
6972
7009
6967
7016
6964
7018
7019
6976
7018
7019
7020
7007
7021
7021
6963
6964
7022
7008
7019
7016
6968
7021
7023
7024
7025
7026
7023
7027
6971
7009
7028
6996
6975
7030
7031
7030
7032
7033
7034
6978
7035
7036
6980
7037
7038
7039
6987
7040
7041
7041
7042
7043
7044
7045
7044
7045
7046
7047
7048
7048
7042
6998
7042
6993
6994
7049
7050
7012
7051
7047
7052
7047
7053
7050
7054
7055
7056
7046
7057
7057
7011
7058
7058
7059
7060
7056
7061
7062
7063
7026
7060
7062
7020
7022
7065
7022
7067
7056
7014
7013
7068
7014
7069
7070
7023
7071
7072
7071
7071
7073
7074
7031
7074
7065
7072
7075
7025
7065
7076
7072
7077
7027
7078
7075
7079
7079
7080
7081
7033
7037
7036
7082
7032
7083
7084
7085
7086
7082
7087
7088
7089
7090
7091
7088
7090
7092
7092
7043
7093
7048
7094
7095
7096
7097
7098
7099
7099
7050
7100
7101
7102
7052
7068
7070
7100
7103
7101
7101
7104
7081
7104
7105
7081
7106
7061
7109
7060
7078
7112
7113
7110
7114
7113
7115
7081
7105
7115
7117
7078
7067
7119
7074
7120
7121
7102
7109
7122
7108
7122
7124
7125
7087
7124
7127
7127
7076
7128
7078
7129
7130
7131
7132
7115
7128
7134
7135
7127
7135
7136
7085
7137
7138
7088
7090
7139
7135
7140
7134
7140
7141
7133
7141
7142
7143
7094
7145
7146
7147
7148
7106
7144
7148
7097
7146
7150
7098
7151
7152
7153
7154
7155
7156
7157
7158
7157
7159
7155
7160
7161
7163
7114
7164
7153
7108
7165
7166
7159
7166
7111
7167
7113
7118
7129
7169
7170
7169
7159
7171
7172
7117
7174
7170
7173
7175
7176
7174
7178
7125
7127
7178
7161
7157
7166
7128
7179
7125
7126
7130
7180
7181
7131
7182
7183
7184
7185
7186
7183
7186
7188
7189
7190
7137
7190
7191
7177
7192
7139
7192
7193
7194
7143
7195
7194
7196
7196
7197
7197
7198
7200
7201
7202
7203
7155
7201
7204
7203
7204
7205
7151
7205
7206
7207
7207
7208
7203
7208
7210
7210
7160
7211
7212
7213
7162
7211
7214
7213
7215
7216
7198
7217
7218
7164
7187
7214
7219
7220
7199
7221
7213
7168
7171
7176
7221
7175
7222
7185
7223
7212
7219
7181
7220
7222
7223
7224
7225
7223
7227
7226
7228
7230
7184
7191
7181
7183
7182
7222
7233
7234
7225
7235
7225
7236
7233
7237
7238
7194
7240
7195
7241
7241
7242
7230
7243
7244
7195
7244
7245
7246
7248
7249
7250
7204
7251
7217
7202
7252
7253
7209
7254
7255
7256
7255
7257
7258
7256
7258
7259
7260
7261
7210
7262
7218
7216
7263
7213
7221
7263
7217
7221
7264
7218
7265
7266
7267
7263
7268
7238
7269
7272
7273
7274
7276
7277
7228
7272
7273
7268
7278
7271
7275
7279
7270
7280
7281
7233
7283
7235
7282
7284
7276
7285
7237
7286
7287
7284
7288
7289
7290
7291
7244
7292
7247
7292
7294
7285
7294
7295
7290
7246
7248
7296
7249
7291
7250
7293
7250
7297
7298
7257
7299
7300
7256
7301
7254
7302
7303
7257
7304
7303
7305
7306
7303
7307
7306
7308
7309
7308
7310
7305
7310
7267
7304
7312
7265
7266
7280
7314
7315
7300
7316
7315
7269
7317
7272
7318
7295
7319
7320
7286
7321
7321
7322
7323
7323
7279
7287
7278
7281
7324
7325
7326
7327
7316
7328
7328
7329
7330
7288
7320
7287
7329
7327
7330
7331
7332
7333
7332
7335
7337
7338
7340
7341
7342
7343
7344
7345
7346
7319
7347
7338
7348
7349
7340
7350
7351
7352
7353
7354
7302
7355
7356
7357
7358
7352
7354
7358
7352
7359
7356
7359
7309
7360
7361
7362
7361
7363
7362
7355
7358
7366
7313
7314
7317
7334
7367
7368
7354
7368
7353
7318
7369
7334
7364
7327
7371
7332
7364
7325
7331
7325
7372
7373
7374
7369
7375
7376
7376
7333
7373
7377
7377
7375
7379
7380
7345
7381
7382
7383
7384
7380
7383
7337
7347
7386
7338
7387
7388
7343
7389
7389
7341
7390
7348
7390
7346
7391
7392
7393
7347
7394
7395
7387
7396
7392
7396
7397
7398
7353
7399
7400
7401
7402
7403
7404
7400
7403
7405
7406
7362
7407
7408
7409
7410
7408
7411
7412
7413
7368
7416
7406
7417
7369
7375
7418
7419
7420
7371
7421
7423
7424
7425
7383
7426
7427
7428
7429
7430
7381
7423
7399
7432
7428
7431
7433
7381
7434
7435
7384
7429
7436
7437
7413
7386
7438
7439
7441
7439
7442
7439
7443
7445
7446
7443
7447
7448
7449
7435
7450
7395
7448
7450
7424
7438
7451
7452
7443
7453
7454
7445
7455
7400
7401
7407
7433
7456
7406
7456
7457
7407
7459
7458
7459
7460
7406
7456
7461
7462
7411
7464
7462
7465
7466
7460
7463
7466
7420
7420
7467
7468
7457
7419
7469
7419
7467
7471
7457
7429
7472
7473
7474
7475
7472
7477
7475
7477
7478
7479
7427
7472
7480
7481
7471
7482
7483
7478
7482
7483
7484
7485
7486
7487
7487
7489
7491
7492
7493
7494
7437
7490
7495
7491
7496
7475
7497
7498
7441
7499
7500
7501
7501
7502
7503
7504
7446
7499
7451
7505
7506
7453
7507
7508
7451
7493
7508
7509
7500
7510
7511
7510
7512
7505
7489
7513
7470
7514
7461
7515
7514
7516
7469
7517
7518
7514
7519
7465
7520
7521
7522
7523
7524
7483
7524
7525
7470
7527
7513
7528
7529
7530
7476
7531
7532
7532
7530
7533
7493
7534
7485
7535
7535
7496
7536
7537
7538
7485
7528
7495
7487
7541
7543
7544
7545
7546
7518
7545
7513
7548
7549
7494
7549
7550
7550
7525
7551
7552
7553
7498
7507
7554
7503
7504
7556
7557
7558
7559
7555
7559
7560
7561
7562
7507
7512
7506
7563
7564
7565
7566
7511
7563
7567
7568
7567
7569
7570
7571
7516
7518
7572
7522
7573
7548
7574
7575
7521
7576
7521
7522
7577
7578
7576
7579
7528
7580
7581
7570
7582
7583
7584
7585
7530
7534
7536
7586
7587
7588
7534
7554
7588
7589
7590
7591
7592
7594
7595
7538
7552
7596
7591
7597
7597
7598
7599
7586
7598
7542
7543
7600
7547
7592
7601
7546
7575
7602
7572
7548
7600
7602
7603
7570
7553
7590
7604
7552
7591
7605
7606
7595
7607
7608
7609
7610
7558
7564
7611
7611
7568
7612
7562
7613
7614
7615
7608
7614
7616
7567
7617
7618
7618
7619
7566
7569
7609
7620
7621
7618
7622
7623
7585
7625
7575
7626
7625
7626
7627
7582
7584
7628
7629
7631
7578
7579
7632
7633
7635
7636
7605
7636
7637
7635
7637
7601
7635
7589
7640
7608
7614
7641
7642
7643
7595
7644
7645
7593
7645
7646
7596
7640
7647
7648
7649
7650
7649
7651
7652
7653
7654
7601
7602
7655
7656
7657
7658
7620
7644
7660
7661
7607
7650
7661
7662
7663
7663
7664
7665
7666
7667
7613
7622
7668
7665
7669
7671
7670
7672
7617
7673
7674
7621
7675
7676
7667
7677
7664
7623
7678
7679
7674
7659
7680
7638
7681
7680
7682
7632
7680
7683
7629
7684
7685
7656
7682
7681
7686
7633
7686
7687
7688
7688
7689
7636
7690
7655
7691
7685
7692
7684
7693
7695
7652
7696
7642
7697
7698
7643
7695
7696
7699
7664
7700
7660
7701
7702
7648
7703
7704
7662
7700
7652
7705
7704
7706
7654
7701
7707
7708
7709
7710
7702
7712
7691
7714
7657
7714
7715
7716
7713
7717
7718
7719
7691
7720
7721
7704
7674
7698
7722
7725
7726
7668
7724
7727
7727
7725
7728
7675
7729
7730
7731
7672
7732
7733
7734
7735
7675
7732
7736
7737
7738
7677
7739
7740
7730
7728
7741
7719
7742
7743
7684
7716
7688
7743
7744
7745
7714
7746
7743
7747
7748
7749
7747
7749
7692
7750
7751
7752
7742
7745
7753
7697
7755
7703
7756
7733
7757
7758
7759
7753
7755
7756
7722
7702
7720
7760
7758
7761
7762
7706
7707
7763
7721
7764
7765
7766
7710
7756
7763
7767
7753
7768
7712
7767
7765
7769
7760
7770
7718
7770
7771
7719
7772
7773
7774
7775
7776
7766
7778
7766
7779
7758
7724
7725
7780
7781
7729
7731
7782
7783
7784
7785
7786
7787
7788
7789
7734
7790
7788
7791
7735
7792
7788
7793
7794
7737
7795
7759
7740
7741
7796
7797
7798
7801
7802
7776
7802
7803
7772
7804
7752
7770
7804
7806
7807
7800
7803
7751
7752
7809
7770
7778
7812
7815
7815
7816
7815
7818
7819
7792
7818
7820
7821
7820
7821
7769
7775
7819
7822
7823
7764
7823
7768
7824
7824
7825
7826
7827
7828
7814
7827
7827
7829
7830
7831
7772
7804
7833
7834
7832
7835
7835
7836
7837
7778
7836
7777
7838
7839
7840
7842
7825
7828
7843
7782
7843
7845
7846
7847
7785
7797
7848
7844
7848
7798
7849
7799
7845
7849
7789
7846
7850
7851
7847
7852
7792
7795
7855
7856
7852
7857
7858
7817
7856
7858
7820
7859
7860
7798
7860
7861
7863
7811
7834
7864
7864
7865
7863
7866
7813
7807
7865
7867
7807
7866
7868
7869
7809
7842
7870
7811
7871
7872
7873
7870
7873
7874
7874
7876
7877
7876
7879
7880
7822
7880
7879
7881
7879
7882
7883
7884
7885
7886
7886
7842
7885
7882
7886
7887
7832
7889
7836
7884
7889
7834
7837
7873
7838
7889
7890
7891
7890
7892
7840
7864
7862
7841
7893
7890
7894
7891
7896
7897
7898
7899
7900
7901
7902
7903
7904
7905
7906
7907
7908
7851
7909
7855
7857
7854
7910
7903
7911
7878
7912
7859
7913
7914
7915
7913
7916
7878
7914
7917
7906
7918
7907
7918
7863
7919
7872
7866
7920
7921
7920
7922
7923
7922
7924
7926
7927
7920
7928
7926
7932
7933
7934
7935
7880
7936
7915
7932
7936
7937
7940
7941
7883
7942
7885
7943
7944
7945
7945
7946
7933
7942
7947
7931
7948
7948
7952
7945
7953
7926
7953
7954
7894
7949
7955
7952
7956
7957
7900
7956
7958
7903
7958
7957
7959
7902
7960
7908
7961
7904
7962
7963
7964
7965
7910
7965
7959
7966
7967
7968
7969
7967
7970
7916
7963
7971
7972
7973
7974
7972
7975
7914
7976
7977
7935
7977
7973
7978
7941
7979
7980
7921
7982
7923
7981
7983
7984
7953
7927
7985
7928
7954
7955
7986
7988
7989
7931
7946
7988
7935
7990
7989
7990
7991
7991
7992
7993
7994
7995
7996
7997
7942
7992
7998
7993
7999
7987
8000
7946
7948
8001
8002
7947
8003
8004
8005
8006
8006
8007
8005
8005
8008
8002
8008
8009
8008
8010
8012
8013
8014
8012
8015
8014
8016
7961
7964
8015
8017
7964
8018
8019
7973
8019
7974
8018
7968
8016
8020
8013
8021
8022
7970
7980
8021
8023
8024
8025
7974
8026
8027
8028
7995
8029
7977
7979
8030
7994
8030
8031
8032
7993
8033
8022
8007
8034
7986
8035
8036
8037
8037
8038
8009
8042
8041
8043
8002
8039
8004
8011
8004
8045
7992
8045
7996
7997
8046
8046
7997
8047
8048
8045
8049
8051
8044
8052
8000
8003
8052
8039
8040
8003
8053
8054
8054
8055
8056
8057
8010
8059
8035
8060
8057
8053
8054
8043
8062
8063
8014
8018
8023
8028
8024
8065
8021
8022
8066
8031
8027
8029
8067
8032
8065
8067
8068
8033
8047
8069
8070
8068
8069
8070
8071
8038
8072
8043
8073
8074
8076
8077
8054
8052
8078
8079
8081
8082
8046
8085
8086
8087
8048
8051
8068
8088
8086
8092
8093
8089
8090
8095
8093
8095
8096
8057
8097
8056
8097
8098
8099
8100
8101
8064
8101
8062
8102
8061
8072
8073
8103
8082
8101
8064
8091
8100
8067
8104
8105
8084
8106
8107
8087
8107
8108
8077
8074
8110
8075
8111
8076
8112
8077
8113
8114
8096
8080
8115
8116
8097
8098
8116
8115
8118
8084
8106
8104
8087
8119
8099
8121
8121
8089
8095
8105
8122
8094
8123
8123
8124
8108
8125
8126
8125
8098
8119
8127
8128
8129
8130
8127
8130
8127
8118
8133
8134
8120
8134
8120
8121
8135
8114
8136
8137
8111
8133
8138
8139
8140
8139
8141
8141
8142
8142
8143
8144
8145
8145
8146
8144
8138
8147
8128
8135
8129
8124
8150
8130
8151
8125
8152
8153
8154
8145
8129
8146
8156
8157
8158
8133
8138
8137
8153
8153
8159
8143
8160
8161
8160
8162
8162
8163
8148
8164
8164
8165
8165
8147
8166
8157
8156
8158
8161
8159
8168
8152
8155
8152
8154
8169
8170
8170
8155
8171
8157
8172
8169
8171
8170
8172
8164
8163
8167
8169
8171
8168
8172
8172
)


// ************************************************************************* //
