/*--------------------------------*- C++ -*----------------------------------*\
| =========                 |                                                 |
| \\      /  F ield         | OpenFOAM: The Open Source CFD Toolbox           |
|  \\    /   O peration     | Version:  2412                                  |
|   \\  /    A nd           | Website:  www.openfoam.com                      |
|    \\/     M anipulation  |                                                 |
\*---------------------------------------------------------------------------*/
FoamFile
{
    version     2.0;
    format      ascii;
    arch        "LSB;label=32;scalar=64";
    class       labelList;
    location    "constant/polyMesh";
    object      pointProcAddressing;
}
// * * * * * * * * * * * * * * * * * * * * * * * * * * * * * * * * * * * * * //


2510
(
7
8
9
24
25
26
37
38
39
54
55
56
115
116
117
128
129
130
136
137
145
146
147
148
150
153
155
157
159
160
161
162
163
165
166
170
179
185
186
194
195
198
199
200
210
211
212
215
219
224
225
226
227
228
229
231
232
233
234
235
236
237
242
243
244
260
261
262
295
296
304
305
379
390
397
398
399
414
415
416
448
449
451
461
462
536
541
542
543
559
560
561
569
585
586
595
601
672
681
682
683
698
699
700
712
719
726
734
743
800
811
816
832
833
834
836
840
846
855
865
874
925
937
957
958
959
964
965
971
972
974
975
986
996
998
1001
1002
1003
1004
1008
1010
1013
1014
1016
1018
1019
1021
1023
1024
1026
1030
1033
1034
1035
1037
1042
1044
1052
1053
1055
1056
1060
1074
1075
1076
1077
1078
1081
1083
1085
1087
1089
1093
1094
1095
1097
1098
1099
1101
1102
1105
1106
1107
1108
1109
1110
1112
1113
1114
1115
1116
1117
1118
1119
1120
1121
1122
1123
1124
1125
1126
1127
1128
1129
1130
1131
1132
1133
1134
1135
1136
1137
1138
1139
1140
1141
1142
1143
1144
1145
1146
1147
1148
1149
1151
1152
1153
1155
1156
1157
1158
1159
1161
1162
1163
1164
1166
1168
1169
1170
1171
1183
1184
1185
1186
1187
1191
1192
1195
1197
1198
1199
1201
1203
1204
1205
1206
1210
1213
1214
1215
1216
1217
1219
1220
1221
1222
1223
1224
1225
1226
1227
1228
1229
1230
1231
1232
1233
1234
1235
1236
1237
1238
1239
1240
1241
1242
1243
1244
1245
1246
1247
1248
1249
1250
1251
1252
1253
1255
1258
1260
1261
1262
1263
1264
1265
1266
1268
1269
1270
1271
1272
1273
1274
1275
1276
1277
1278
1289
1290
1291
1293
1295
1296
1298
1301
1303
1304
1305
1307
1308
1309
1310
1314
1315
1316
1317
1319
1321
1322
1323
1324
1325
1326
1327
1328
1329
1330
1331
1332
1333
1334
1335
1336
1337
1338
1339
1340
1341
1342
1343
1344
1345
1346
1347
1348
1349
1350
1351
1352
1353
1354
1355
1356
1357
1358
1360
1361
1363
1364
1365
1367
1368
1369
1370
1372
1373
1374
1375
1387
1400
1459
1462
1465
1469
1473
1988
1993
1994
1995
1998
1999
2000
2001
2002
2003
2005
2006
2007
2010
2011
2012
2016
2018
2019
2023
2025
2026
2038
2043
2044
2045
2047
2048
2049
2050
2051
2053
2054
2055
2057
2058
2059
2064
2065
2066
2067
2068
2069
2070
2071
2073
2081
2082
2083
2087
2088
2089
2090
2091
2092
2094
2099
2100
2102
2103
2105
2106
2107
2109
2115
2116
2120
2121
2122
2123
2124
2125
2126
2127
2128
2129
2132
2133
2134
2136
2137
2139
2141
2142
2143
2146
2147
2148
2149
2150
2151
2152
2153
2154
2155
2156
2157
2158
2159
2169
2172
2173
2174
2175
2176
2177
2178
2179
2180
2181
2182
2183
2184
2185
2186
2187
2188
2189
2192
2200
2201
2203
2204
2206
2208
2209
2210
2212
2214
2216
2217
2221
2224
2225
2226
2227
2228
2229
2230
2231
2232
2233
2234
2237
2246
2247
2248
2250
2251
2252
2253
2254
2255
2256
2257
2258
2259
2260
2261
2263
2264
2265
2266
2267
2276
2277
2279
2280
2282
2283
2284
2291
2292
2293
2295
2296
2299
2300
2301
2303
2307
2312
2313
2314
2315
2317
2318
2319
2323
2324
2329
2330
2331
2332
2333
2334
2335
2336
2337
2338
2339
2340
2341
2344
2345
2352
2353
2355
2356
2359
2360
2361
2362
2364
2366
2367
2368
2370
2371
2372
2375
2376
2378
2382
2387
2388
2389
2390
2393
2394
2397
2398
2401
2402
2403
2404
2405
2406
2407
2408
2409
2410
2411
2413
2416
2424
2428
2429
2430
2432
2433
2434
2435
2436
2437
2438
2439
2440
2441
2442
2446
2448
2449
2450
2451
2452
2453
2456
2458
2464
2465
2466
2467
2478
2479
2480
2481
2482
2483
2484
2485
2486
2487
2488
2489
2490
2491
2493
2495
2503
2507
2508
2509
2514
2515
2516
2517
2518
2519
2520
2521
2522
2523
2527
2528
2530
2532
2535
2542
2543
2544
2545
2547
2548
2549
2551
2552
2555
2556
2557
2562
2563
2568
2569
2570
2573
2574
2575
2576
2577
2578
2583
2584
2585
2586
2587
2588
2589
2590
2591
2592
2593
2594
2596
2597
2598
2609
2610
2611
2612
2613
2614
2615
2616
2617
2618
2619
2620
2621
2622
2623
2625
2636
2637
2638
2639
2640
2641
2642
2645
2649
2650
2651
2652
2653
2654
2655
2656
2657
2658
2659
2661
2662
2674
2675
2676
2677
2678
2679
2680
2681
2682
2683
2684
2685
2686
2687
2688
2689
2690
2691
2696
2697
2699
2700
2705
2706
2707
2708
2721
2723
2729
2730
2733
2734
2741
2760
2781
2782
2783
2800
2801
2813
2822
2823
2824
2825
2826
2833
2834
2851
2861
2862
2863
2864
2865
2885
2886
2887
2899
2901
2909
2931
2932
2939
2940
2946
2965
2973
2974
2975
2993
2994
2995
2999
3009
3010
3012
3018
3019
3020
3021
3030
3031
3032
3051
3054
3055
3065
3066
3068
3091
3092
3097
3098
3133
3134
3153
3154
3176
3182
3191
3195
3198
3199
3200
3202
3203
3205
3209
3210
3214
3218
3219
3221
3222
3224
3226
3227
3230
3241
3243
3246
3249
3252
3253
3254
3258
3260
3267
3269
3275
3280
3283
3285
3290
3292
3298
3304
3306
3308
3313
3315
3319
3321
3322
3323
3326
3330
3335
3336
3343
3346
3374
3375
3376
3378
3379
3380
3381
3382
3383
3384
3385
3386
3388
3389
3391
3392
3394
3395
3398
3399
3400
3433
3434
3435
3436
3437
3438
3439
3440
3441
3442
3443
3444
3445
3446
3447
3448
3449
3450
3451
3452
3453
3454
3455
3456
3457
3458
3459
3460
3461
3462
3463
3464
3465
3466
3467
3468
3469
3470
3471
3472
3473
3474
3475
3476
3477
3478
3479
3480
3481
3482
3483
3484
3485
3486
3487
3488
3489
3490
3491
3492
3493
3494
3495
3496
3497
3498
3499
3500
3501
3502
3503
3504
3505
3506
3507
3508
3509
3510
3511
3513
3515
3516
3517
3518
3519
3521
3522
3523
3524
3525
3526
3528
3529
3530
3531
3532
3533
3534
3535
3536
3537
3538
3539
3540
3541
3542
3543
3544
3545
3546
3547
3548
3549
3550
3551
3552
3553
3554
3555
3556
3557
3558
3559
3560
3561
3562
3563
3564
3565
3566
3567
3568
3569
3570
3571
3572
3573
3574
3575
3576
3577
3578
3579
3580
3581
3582
3583
3584
3585
3586
3588
3589
3590
3591
3593
3595
3597
3610
3611
3612
3613
3614
3615
3616
3617
3619
3620
3622
3644
3662
3670
3677
3684
3693
3698
3703
3705
3732
3752
3753
3814
3820
3821
3822
3824
3825
3826
3831
3836
3838
3844
3852
3853
3854
3855
3861
3862
3863
3864
3866
3869
3870
3871
3872
3874
3875
3876
3877
3880
3881
3887
3891
3892
3893
3895
3897
3898
3899
3900
3901
3902
3903
3904
3905
3906
3907
3909
3911
3912
3913
3914
3915
3916
3917
3918
3919
3921
3922
3923
3924
3936
3937
3948
3949
3971
3972
3973
3974
3975
3976
3977
3978
3979
3980
3981
3982
3983
3984
3985
3986
3987
3988
3989
3990
3991
3999
4001
4002
4003
4004
4005
4006
4007
4008
4009
4010
4011
4012
4013
4014
4015
4016
4018
4020
4021
4022
4023
4024
4025
4026
4027
4028
4029
4030
4031
4032
4033
4034
4035
4036
4037
4038
4039
4042
4043
4045
4046
4049
4050
4054
4056
4057
4059
4060
4061
4069
4084
4094
4114
4156
4157
4159
4170
4174
4175
4176
4177
4178
4179
4180
4181
4182
4183
4184
4185
4187
4188
4191
4192
4193
4194
4196
4197
4198
4199
4200
4201
4202
4203
4204
4205
4206
4207
4208
4209
4210
4212
4213
4214
4215
4216
4217
4218
4219
4220
4221
4223
4224
4228
4229
4230
4231
4232
4233
4236
4237
4238
4239
4244
4245
4250
4251
4252
4253
4254
4255
4257
4258
4260
4261
4262
4263
4264
4265
4266
4268
4269
4271
4281
4282
4283
4284
4285
4286
4287
4288
4289
4290
4291
4292
4293
4294
4295
4296
4297
4298
4299
4300
4301
4302
4304
4305
4306
4307
4308
4309
4310
4311
4315
4316
4331
4332
4334
4336
4337
4340
4341
4342
4343
4344
4345
4346
4347
4348
4349
4350
4351
4352
4353
4362
4365
4368
4369
4370
4371
4373
4374
4375
4376
4377
4378
4379
4380
4381
4382
4383
4384
4385
4386
4387
4388
4389
4390
4391
4392
4393
4394
4395
4396
4397
4398
4399
4400
4401
4402
4403
4404
4407
4408
4409
4410
4411
4412
4413
4414
4415
4418
4419
4420
4423
4424
4425
4426
4454
4466
4467
4468
4473
4478
4491
4492
4493
4494
4495
4497
4498
4500
4502
4503
4504
4505
4506
4507
4508
4509
4510
4511
4513
4514
4515
4516
4517
4518
4519
4520
4521
4522
4523
4524
4525
4526
4527
4528
4529
4530
4531
4532
4533
4534
4535
4536
4537
4538
4539
4540
4541
4542
4543
4544
4545
4546
4547
4548
4549
4550
4551
4552
4553
4554
4555
4556
4559
4560
4561
4562
4565
4566
4567
4568
4571
4572
4573
4577
4578
4586
4587
4588
4597
4598
4599
4608
4609
4610
4622
4623
4624
4625
4626
4627
4628
4629
4630
4631
4636
4637
4638
4639
4640
4641
4648
4651
4652
4655
4656
4657
4659
4660
4661
4662
4663
4664
4665
4666
4667
4668
4669
4670
4671
4672
4673
4674
4676
4677
4680
4681
4682
4702
4711
4712
4713
4714
4718
4719
4720
4721
4722
4725
4726
4727
4730
4731
4732
4733
4734
4735
4738
4739
4740
4741
4742
4743
4744
4745
4746
4747
4748
4749
4750
4751
4752
4753
4754
4755
4756
4757
4758
4759
4760
4761
4762
4763
4764
4765
4766
4767
4768
4769
4770
4771
4772
4773
4774
4775
4777
4778
4779
4780
4781
4782
4783
4784
4785
4786
4788
4789
4790
4791
4795
4802
4807
4808
4809
4810
4811
4813
4815
4819
4820
4821
4823
4824
4825
4826
4827
4828
4829
4830
4831
4832
4833
4834
4835
4836
4837
4838
4840
4841
4842
4843
4844
4845
4846
4847
4849
4850
4852
4853
4854
4855
4858
4859
4860
4861
4878
4879
4880
4881
4882
4884
4885
4886
4889
4890
4891
4892
4893
4894
4895
4896
4897
4902
4910
4911
4912
4924
4925
4926
4929
4930
4932
4933
4934
4935
4936
4937
4938
4939
4940
4941
4942
4943
4944
4945
4946
4947
4948
4949
4950
4951
4952
4953
4954
4955
4956
4957
4958
4961
4962
4963
4964
4965
4966
4967
4968
4969
4970
4971
4972
4973
4974
4975
4977
4978
4979
4980
4981
4982
4983
4984
4985
4986
4987
4988
4989
4990
4991
4992
4997
4998
4999
5003
5006
5030
5031
5032
5033
5034
5035
5036
5039
5040
5043
5044
5045
5046
5047
5048
5049
5050
5051
5052
5054
5056
5057
5058
5059
5061
5062
5063
5064
5080
5081
5082
5083
5084
5085
5086
5087
5088
5089
5092
5093
5094
5095
5097
5101
5102
5103
5104
5105
5108
5109
5110
5116
5127
5128
5129
5130
5131
5132
5133
5134
5135
5136
5137
5138
5139
5140
5141
5142
5143
5144
5147
5148
5149
5153
5162
5163
5164
5165
5167
5168
5170
5171
5181
5186
5187
5190
5192
5193
5194
5195
5196
5197
5198
5199
5200
5201
5202
5203
5204
5205
5206
5207
5208
5209
5210
5211
5212
5213
5214
5215
5216
5217
5218
5219
5223
5224
5225
5229
5230
5232
5233
5234
5235
5236
5237
5238
5239
5240
5241
5242
5243
5244
5245
5246
5249
5250
5251
5252
5253
5254
5256
5257
5258
5259
5265
5266
5267
5268
5270
5271
5273
5274
5275
5276
5277
5278
5279
5280
5281
5282
5283
5284
5286
5287
5288
5292
5293
5294
5295
5296
5297
5305
5317
5318
5319
5331
5332
5334
5335
5336
5337
5338
5340
5341
5342
5343
5344
5345
5346
5347
5348
5349
5350
5351
5352
5353
5354
5355
5356
5357
5358
5359
5360
5362
5363
5364
5365
5366
5367
5368
5369
5370
5371
5372
5373
5374
5375
5376
5378
5379
5380
5381
5382
5383
5384
5385
5386
5387
5388
5389
5390
5391
5392
5395
5396
5397
5398
5401
5402
5403
5416
5417
5420
5421
5424
5443
5445
5459
5460
5464
5467
5468
5469
5470
5473
5474
5475
5476
5477
5478
5479
5480
5481
5482
5483
5484
5485
5486
5487
5488
5489
5490
5491
5492
5493
5494
5495
5496
5497
5498
5499
5500
5501
5502
5503
5504
5505
5509
5510
5514
5515
5519
5520
5529
5530
5531
5534
5535
5536
5537
5538
5539
5540
5541
5542
5543
5544
5545
5546
5547
5548
5549
5550
5551
5552
5555
5556
5557
5558
5559
5562
5563
5564
5565
5566
5567
5568
5569
5570
5571
5572
5573
5574
5575
5576
5577
5578
5581
5582
5583
5584
5585
5586
5587
5588
5589
5590
5591
5592
5593
5594
5595
5596
5597
5598
5602
5603
5604
5605
5620
5621
5622
5623
5624
5625
5626
5627
5628
5631
5632
5633
5634
5636
5637
5638
5639
5640
5641
5642
5643
5644
5645
5647
5648
5649
5650
5651
5652
5653
5654
5655
5656
5657
5658
5659
5660
5663
5664
5666
5667
5668
5669
5670
5671
5673
5674
5677
5678
5679
5680
5696
5697
5698
5699
5705
5706
5709
5710
5712
5713
5714
5715
5716
5717
5718
5719
5720
5721
5722
5723
5724
5725
5726
5727
5728
5729
5730
5731
5732
5733
5734
5735
5736
5737
5738
5739
5740
5741
5742
5743
5744
5746
5747
5748
5749
5753
5755
5756
5758
5759
5760
5762
5763
5766
5767
5769
5778
5779
5780
5781
5782
5783
5784
5785
5788
5789
5790
5791
5795
5796
5797
5799
5807
5808
5810
5811
5812
5814
5816
5819
5820
5821
5822
5824
5825
5826
5827
5828
5829
5830
5831
5832
5833
5834
5835
5836
5837
5838
5839
5840
5841
5842
5843
5844
5845
5846
5847
5850
5851
5852
5855
5856
5857
5858
5873
5874
5876
5877
5878
5879
5882
5884
5885
5886
5888
5889
5892
5894
5895
5896
5897
5898
5899
5900
5901
5902
5903
5904
5905
5906
5907
5908
5909
5910
5911
5912
5913
5914
5915
5916
5917
5918
5919
5920
5921
5922
5923
5924
5926
5927
5928
5929
5930
5931
5932
5936
5937
5938
5939
5940
5941
5942
5943
5944
5945
5947
5948
5951
5952
5954
5955
5975
5993
5994
5997
5998
6076
6077
6080
6081
6129
6130
6133
6157
6158
6159
6160
6181
6200
6201
6202
6205
6206
6207
6264
6265
6267
6280
6281
6282
6285
6288
6289
6290
6291
6332
6333
6334
6337
6339
6340
6341
6344
6362
6363
6365
6366
6367
6377
6378
6379
6385
6387
6388
6390
6391
6394
6395
6396
6397
6398
6406
6407
6408
6455
6456
6457
6460
6461
6462
6469
6470
6475
6511
6512
6515
6516
6517
6518
6520
6521
6522
6523
6524
6526
6527
6528
6530
6532
6536
6537
6538
6540
6541
6542
6546
6547
6549
6550
6552
6554
6555
6557
6559
6560
6564
6567
6568
6569
6570
6571
6572
6574
6575
6577
6579
6580
6582
6583
6584
6585
6587
6588
6589
6591
6592
6593
6596
)


// ************************************************************************* //
